"History" "Psychology" "Politics" "Mathematics" "Physics" "Internet" "PC" "Economy" "Biology" "Chemistry" "rPoetry" "Geography" "Languages" "Medicine" "Law" "Cars" "Art" "Religion" "Outdoor" "Dancing" "Instruments" "wPoetry" "sLeisure" "sCompetitive" "Gardening" "Celebrities" "Shopping" "SciTec" "Theatre" "Social" "sAdrenaline" "Pets" "Age" "Gender"
"1" 1 5 1 3 3 5 3 5 3 3 3 3 5 3 1 1 1 1 5 3 3 2 1 5 5 1 4 4 2 5 4 4 20 "female"
"2" 1 3 4 5 2 4 4 5 1 1 4 4 5 1 2 2 2 1 1 1 1 1 1 1 1 2 3 3 2 4 2 5 19 "female"
"3" 1 2 1 5 2 4 2 4 1 1 5 2 5 2 3 1 5 5 5 5 5 5 5 2 1 1 4 2 5 5 5 5 20 "female"
"4" 4 4 5 4 1 3 1 2 3 3 5 4 4 2 5 1 5 4 1 1 1 3 1 1 1 2 4 3 1 2 1 1 22 "female"
"5" 3 2 3 2 2 2 2 2 3 3 5 2 3 3 2 3 1 4 4 1 3 1 3 1 4 3 3 3 2 4 2 1 20 "female"
"6" 5 3 4 2 3 4 4 1 4 4 3 3 4 4 3 5 2 2 5 1 5 1 5 4 2 1 2 3 1 3 3 2 20 "male"
"7" 3 3 1 1 1 2 1 3 5 5 3 3 4 5 3 4 1 1 4 3 2 1 5 3 3 1 3 4 3 5 1 5 20 "female"
"8" 5 2 3 1 1 5 4 1 2 2 2 3 4 1 2 1 1 2 2 1 1 1 4 5 1 3 3 2 2 4 2 5 19 "male"
"9" 3 2 1 1 1 1 1 1 3 1 5 1 1 1 1 1 1 2 4 1 2 1 4 1 1 5 2 1 5 4 1 1 18 "female"
"10" 3 2 3 3 1 5 1 4 2 1 4 4 5 1 1 1 4 4 4 5 3 1 4 4 1 2 4 3 5 5 2 2 19 "female"
"11" 3 3 3 2 1 4 5 3 2 1 3 3 5 2 4 2 2 2 4 1 1 1 5 1 3 2 5 4 2 4 1 5 19 "female"
"12" 2 2 5 1 1 5 4 1 1 1 3 5 2 1 3 1 5 1 5 1 1 1 5 3 1 2 3 3 1 3 1 1 17 "female"
"13" 4 4 4 1 1 3 2 1 5 5 5 3 5 5 2 3 1 1 5 3 4 1 5 3 4 3 2 3 2 4 1 2 24 "female"
"14" 2 2 1 1 1 3 3 3 1 1 4 1 5 1 1 1 3 1 5 3 3 1 3 3 1 5 5 2 3 5 4 5 19 "female"
"15" 2 5 1 1 1 4 2 3 2 1 4 1 3 1 1 1 4 2 3 1 1 5 3 1 5 5 5 2 4 5 1 5 22 "female"
"16" 5 5 3 3 3 4 5 3 5 2 3 3 4 2 4 5 3 1 5 1 5 2 5 3 3 1 3 5 3 5 5 1 18 "male"
"17" 1 1 1 1 1 5 2 1 4 1 1 1 3 5 1 1 1 2 5 2 2 1 5 1 1 3 4 2 1 5 4 5 19 "female"
"18" 3 2 2 1 3 3 3 1 5 5 4 2 2 3 1 1 1 1 5 3 1 2 1 3 3 3 3 4 3 3 1 5 20 "female"
"19" 3 5 3 5 5 5 5 3 3 3 3 1 4 2 1 2 1 1 3 3 1 1 3 3 1 1 2 5 1 3 1 4 18 "male"
"20" 2 3 3 3 2 5 5 4 2 1 3 4 4 2 1 4 2 1 4 1 5 1 4 2 1 3 3 4 2 5 3 1 18 "male"
"21" 5 3 4 2 3 5 4 2 4 4 3 3 4 4 2 5 2 1 5 1 5 3 5 5 2 2 1 5 2 4 3 3 20 "male"
"22" 4 4 4 3 1 5 5 5 3 1 1 5 4 2 1 1 2 1 4 1 2 4 5 3 3 1 1 5 4 5 5 5 24 "male"
"23" 2 2 3 2 3 4 3 2 5 5 5 3 4 4 2 3 2 2 3 5 5 3 2 4 3 3 4 3 5 5 3 5 20 "female"
"24" 4 5 5 2 1 5 4 2 3 2 4 4 5 4 5 3 4 2 5 5 4 3 4 5 3 4 5 5 5 5 3 3 19 "female"
"25" 2 2 1 3 1 5 2 5 1 1 4 2 5 1 3 1 2 1 2 4 1 1 3 4 1 5 5 1 3 5 1 3 20 "female"
"26" 3 3 1 2 3 5 2 1 5 5 4 3 3 2 1 4 2 4 5 3 2 2 4 5 5 4 4 3 1 4 4 5 22 "female"
"27" 5 1 1 1 2 5 2 1 1 1 1 4 4 2 3 5 1 1 3 3 1 1 5 5 1 3 5 3 1 5 4 3 20 "male"
"28" 5 4 2 2 2 4 3 4 4 2 5 3 5 3 2 2 4 2 5 4 2 2 5 4 3 4 4 3 4 5 3 2 19 "female"
"29" 2 3 3 1 1 4 3 3 3 1 4 4 4 4 4 4 2 2 4 1 1 1 1 5 1 2 4 4 2 5 4 3 25 "male"
"30" 4 4 2 2 2 3 2 2 2 2 5 5 4 1 1 3 4 1 5 4 1 2 3 1 3 1 2 1 3 4 2 1 22 "female"
"31" 4 5 3 1 1 5 4 3 1 1 3 3 3 1 2 3 4 2 2 1 2 1 2 2 1 4 5 3 3 5 1 5 20 "female"
"32" 5 3 5 2 1 5 4 4 4 3 5 5 5 5 4 1 5 1 5 3 3 1 5 4 4 3 3 3 4 5 5 5 27 "female"
"33" 4 5 4 3 1 5 4 4 3 1 3 2 5 3 2 5 3 5 5 2 3 2 5 3 1 1 3 5 3 5 5 1 20 "male"
"34" 1 1 1 1 1 5 3 1 1 1 5 3 5 1 5 4 2 3 3 4 1 1 3 3 3 3 4 2 5 5 2 5 19 "female"
"35" 4 5 3 3 3 5 3 2 5 5 5 3 4 5 3 4 3 2 4 1 1 1 2 1 2 4 4 4 4 5 1 5 18 "female"
"36" 3 3 5 3 3 4 3 2 5 3 2 2 4 3 3 2 2 5 5 1 5 1 3 5 5 2 4 4 1 5 5 3 21 "male"
"37" 3 4 4 3 2 5 2 5 5 1 5 3 5 4 3 1 4 2 4 5 3 5 3 4 4 2 4 3 3 5 1 5 23 "female"
"38" 4 1 1 1 1 5 2 2 3 5 3 3 1 5 1 4 1 3 5 1 2 1 5 5 2 2 4 5 2 3 3 5 21 "female"
"39" 2 1 1 2 1 5 4 3 2 1 1 3 3 2 2 1 1 1 3 1 1 1 3 1 1 5 5 3 1 2 1 2 26 "female"
"40" 5 4 5 5 5 5 5 1 1 5 5 3 3 3 1 1 1 5 5 2 4 1 1 5 1 1 1 3 1 5 5 3 20 "male"
"41" 2 5 1 5 1 5 5 5 5 2 3 2 5 4 3 3 2 2 3 1 2 1 3 1 1 2 4 4 2 5 3 5 19 "female"
"42" 2 4 2 1 1 5 3 5 1 1 3 5 5 1 2 2 5 1 3 2 2 5 4 3 1 3 5 3 3 5 2 5 20 "female"
"43" 4 5 5 3 4 4 3 4 3 2 5 4 3 1 4 1 3 4 3 3 1 3 4 2 2 5 5 4 4 5 5 5 25 "female"
"44" 5 5 5 5 5 5 5 2 1 1 3 1 2 2 1 1 1 4 2 5 5 1 4 5 1 4 3 5 2 5 1 4 27 "male"
"45" 2 3 1 2 1 5 3 4 2 1 5 3 5 3 1 2 1 1 3 1 1 1 2 2 1 2 4 2 4 5 2 5 19 "female"
"46" 2 4 3 2 2 4 2 4 3 2 2 3 5 3 2 2 2 2 4 5 2 1 3 4 2 2 3 3 4 3 2 2 20 "female"
"47" 2 2 2 1 1 5 3 3 2 1 5 2 4 1 1 3 1 1 2 1 1 1 2 1 1 2 5 3 2 5 1 5 20 "female"
"48" 3 4 1 4 1 4 2 1 5 5 4 3 4 5 1 1 3 4 3 1 1 1 3 4 1 4 4 4 2 4 4 5 19 "female"
"49" 2 4 4 5 5 5 5 2 5 5 3 3 4 5 2 4 3 3 3 5 2 1 5 5 2 2 3 5 2 4 1 4 19 "female"
"50" 5 4 3 3 2 4 2 2 3 4 5 3 4 2 2 3 4 2 5 5 5 5 5 5 3 1 4 4 4 5 5 3 21 "female"
"51" 3 3 4 1 1 3 2 2 4 2 4 5 5 4 3 5 5 5 4 5 4 1 5 5 3 1 3 3 5 5 3 1 18 "female"
"52" 5 3 4 1 4 3 1 1 3 4 5 3 4 3 2 2 5 2 5 4 4 2 5 4 1 1 2 3 5 5 1 1 21 "female"
"53" 4 5 2 2 3 5 4 3 3 4 3 4 5 3 3 2 3 2 4 4 2 1 1 3 1 3 3 4 2 4 4 5 23 "female"
"54" 3 4 4 4 3 4 4 4 2 1 5 2 5 2 4 3 5 2 3 2 1 3 5 1 2 2 2 3 4 5 2 3 20 "female"
"55" 5 5 2 1 1 5 1 3 3 1 5 2 3 3 2 1 5 4 5 2 2 1 5 3 1 5 5 3 5 5 2 5 21 "female"
"56" 3 3 1 3 2 4 3 1 5 4 1 5 4 5 1 2 1 1 4 2 1 1 5 3 3 2 4 4 1 5 3 3 19 "male"
"57" 4 4 5 1 1 3 3 2 1 1 5 5 3 1 3 1 4 1 1 1 1 3 1 1 1 1 1 1 1 3 1 1 22 "male"
"58" 4 5 4 4 4 5 4 4 2 2 5 4 4 3 2 3 5 4 4 2 5 5 3 4 2 1 2 4 4 4 3 1 23 "male"
"59" 3 3 3 3 4 5 4 4 1 1 1 3 3 3 3 4 3 1 3 1 1 1 4 1 1 2 3 3 3 5 2 5 23 "male"
"60" 5 4 4 4 5 5 5 3 3 3 2 5 4 3 3 5 2 1 4 1 2 1 5 5 1 1 2 5 2 5 5 1 23 "male"
"61" 1 2 2 1 3 5 2 1 5 5 2 1 5 5 1 1 2 1 1 2 1 1 2 1 1 3 5 4 5 5 4 5 18 "female"
"62" 5 2 3 2 1 5 3 2 1 1 1 5 3 3 1 2 1 2 3 1 1 1 3 3 1 2 2 2 1 3 3 3 17 "male"
"63" 3 2 2 5 5 4 3 2 1 2 1 4 2 1 1 4 2 1 3 1 1 1 5 5 1 3 3 4 2 4 2 1 20 "male"
"64" 2 3 3 4 2 3 1 5 2 2 3 3 4 3 3 1 2 2 3 5 2 2 1 3 4 3 3 2 3 5 2 4 24 "female"
"65" 2 2 3 5 2 5 2 4 3 5 2 3 4 1 4 3 2 5 4 1 2 1 5 1 1 1 3 4 3 5 1 4 18 "female"
"66" 2 1 3 1 1 3 3 3 1 1 2 1 3 1 5 5 2 1 5 2 1 1 1 5 2 2 4 3 1 5 5 2 17 "male"
"67" 5 1 5 2 1 4 2 4 1 1 3 4 2 1 5 5 1 1 3 1 1 1 1 5 1 4 4 4 1 5 3 5 20 "male"
"68" 3 2 1 1 1 4 3 1 1 1 2 2 3 1 1 3 1 2 5 3 3 1 4 3 2 2 3 1 2 5 4 2 28 "female"
"69" 4 3 4 1 1 5 5 3 2 2 2 4 5 1 2 5 2 5 5 5 3 1 3 5 1 2 5 5 2 5 1 5 21 "male"
"70" 4 3 5 1 1 4 3 4 1 1 1 4 5 1 3 5 3 2 5 1 5 3 2 5 1 1 3 2 2 4 4 3 22 "male"
"71" 5 5 4 2 1 5 4 5 4 1 2 5 5 5 2 5 5 5 5 2 5 2 5 5 1 3 4 4 4 5 3 4 20 "male"
"72" 2 2 5 1 1 4 4 2 1 1 2 2 3 1 3 5 1 2 3 3 1 1 3 5 1 1 4 5 1 5 4 3 18 "male"
"73" 4 2 1 1 1 3 1 1 5 5 5 5 5 3 1 1 4 1 5 5 1 1 3 5 1 1 5 3 5 5 3 1 21 "female"
"74" 4 3 5 2 1 5 3 5 3 1 1 3 5 2 5 4 2 1 4 3 2 1 4 3 2 1 5 4 3 5 4 5 21 "female"
"75" 5 4 4 1 2 5 3 3 2 1 2 2 3 2 5 3 2 1 4 5 2 1 5 5 1 3 4 3 2 5 4 5 19 "female"
"76" 3 2 1 1 2 5 5 4 1 2 2 3 4 1 4 5 3 2 3 5 1 1 4 5 1 2 3 5 2 5 4 2 22 "male"
"77" 4 5 1 1 1 5 1 1 2 1 5 3 4 1 1 1 5 4 5 1 3 2 5 1 4 1 3 2 3 4 3 5 18 "female"
"78" 4 3 1 5 5 5 5 3 2 2 2 3 3 3 2 3 5 1 5 2 4 1 4 4 2 2 4 5 5 4 3 1 22 "male"
"79" 5 5 5 4 4 5 4 5 4 4 5 5 4 4 4 4 5 5 5 4 4 4 5 5 2 1 2 5 5 5 4 2 24 "male"
"80" 5 1 5 1 1 5 1 1 4 1 5 5 5 1 3 1 3 5 3 4 1 5 1 1 2 5 5 3 3 5 1 5 21 "female"
"81" 3 3 3 1 1 3 1 2 2 1 4 3 4 2 2 1 4 3 3 2 1 1 2 2 1 3 3 1 4 4 1 2 22 "female"
"82" 1 1 1 1 1 4 1 1 2 2 3 1 4 4 1 3 1 4 4 1 3 1 5 1 1 1 4 3 2 5 2 3 19 "female"
"83" 4 3 2 3 3 3 2 2 2 2 5 4 5 2 1 1 5 4 5 3 2 4 2 2 1 2 3 2 4 4 2 3 19 "female"
"84" 2 3 1 4 4 5 5 3 2 2 1 5 2 1 2 5 3 1 4 1 2 1 4 4 1 1 1 5 1 5 4 3 24 "male"
"85" 4 4 4 1 2 5 5 2 2 1 1 5 4 1 2 5 3 1 4 1 1 1 4 2 1 3 3 5 3 5 5 4 21 "male"
"86" 1 1 1 1 1 2 1 1 3 4 1 1 1 5 1 1 1 1 1 1 1 1 1 4 1 1 1 1 1 5 1 1 19 "male"
"87" 3 2 2 4 1 5 5 2 1 1 3 1 4 1 2 2 1 4 4 1 1 1 1 5 2 1 1 4 1 3 3 5 19 "male"
"88" 1 1 1 1 2 3 4 1 2 1 3 5 5 2 1 1 3 1 5 1 1 1 5 5 1 1 3 5 1 5 5 1 22 "male"
"89" 3 4 1 5 5 5 1 1 3 5 3 5 4 1 1 2 2 2 5 3 1 1 4 2 1 1 5 3 3 4 1 4 18 "female"
"90" 3 1 2 2 3 5 5 2 5 5 3 2 4 5 1 2 3 4 4 1 4 1 4 1 3 3 4 3 3 5 3 2 21 "female"
"91" 5 1 4 1 1 4 3 1 1 1 5 4 3 1 2 3 1 3 3 1 1 1 5 1 1 2 1 3 1 5 1 3 18 "male"
"92" 5 5 5 4 4 5 4 2 4 4 5 5 5 5 4 2 4 2 5 4 4 2 1 5 2 1 1 2 4 5 3 1 20 "female"
"93" 5 4 4 2 2 5 5 2 2 1 5 5 5 2 4 5 2 5 4 4 4 1 5 3 1 4 4 5 4 5 2 1 22 "male"
"94" 5 4 5 2 2 3 3 4 2 2 2 4 3 2 5 4 4 3 3 2 2 3 3 3 2 1 2 3 3 4 3 2 21 "male"
"95" 4 2 2 1 1 3 3 1 1 4 3 1 3 1 3 3 1 3 5 1 1 1 4 5 3 1 3 4 3 3 1 4 24 "male"
"96" 4 4 3 3 1 4 4 5 2 1 2 3 5 1 2 3 1 2 4 2 1 1 5 2 1 2 2 5 2 5 3 1 19 "male"
"97" 1 2 4 1 3 4 1 2 5 5 5 2 1 5 2 4 5 4 4 2 1 4 2 5 2 1 3 2 5 5 5 4 18 "female"
"98" 1 3 2 3 2 4 4 1 1 1 2 1 4 1 1 2 1 1 1 1 5 4 4 1 1 1 4 2 3 2 1 3 17 "female"
"99" 3 3 4 2 2 4 5 4 2 2 1 2 3 3 2 5 2 3 3 1 1 1 2 2 1 1 2 4 1 4 2 1 18 "male"
"100" 3 4 1 2 3 5 2 2 5 1 1 5 4 3 1 1 1 2 5 1 1 3 2 4 1 1 2 4 1 4 4 3 21 "male"
"101" 3 4 1 1 1 4 1 1 3 2 5 3 5 3 2 1 5 3 5 3 2 4 1 3 2 2 2 3 4 5 3 1 22 "female"
"102" 2 3 1 2 1 3 1 1 5 4 5 3 4 5 2 1 4 3 4 5 2 1 3 2 3 1 3 5 5 4 1 3 20 "female"
"103" 5 3 1 1 1 5 3 2 1 1 5 3 5 3 1 2 5 1 4 1 1 4 1 1 2 2 5 4 4 5 4 5 19 "female"
"104" 2 5 3 1 3 5 3 2 3 3 3 4 5 4 2 5 4 2 4 5 3 3 3 4 3 1 5 4 4 5 3 3 17 "female"
"105" 2 4 2 1 2 3 1 1 1 3 5 1 4 1 1 1 2 2 3 1 5 5 1 1 1 1 3 1 2 4 1 4 21 "female"
"106" 2 2 2 5 2 5 5 3 2 1 1 2 2 1 1 5 1 1 4 1 1 1 1 1 2 4 3 3 2 2 1 5 18 "female"
"107" 3 2 4 4 2 4 4 2 2 2 4 4 3 2 1 2 4 1 5 1 2 2 4 1 2 1 2 3 2 4 3 4 23 "male"
"108" 4 4 2 4 2 5 1 1 2 4 3 4 1 3 1 1 2 2 4 1 3 3 2 1 2 1 1 2 2 3 2 3 16 "female"
"109" 5 3 4 5 5 2 4 5 3 5 5 5 4 3 3 2 1 2 5 4 3 2 1 4 1 1 1 5 5 5 4 5 23 "male"
"110" 1 3 3 4 3 4 4 3 2 2 1 1 2 3 4 5 1 1 4 1 1 1 3 2 1 3 2 4 1 5 5 3 21 "male"
"111" 5 2 1 1 1 4 2 1 1 1 5 3 3 1 1 4 5 3 4 2 2 3 4 2 2 2 3 1 5 5 1 4 23 "female"
"112" 2 3 1 1 3 3 3 2 4 2 3 3 3 3 3 2 4 4 4 1 5 4 2 4 4 1 2 3 4 5 2 4 20 "female"
"113" 4 4 4 1 3 4 5 3 2 2 4 4 4 4 4 4 5 3 5 2 5 3 4 5 1 1 1 5 4 4 5 4 20 "male"
"114" 4 4 4 2 2 3 2 2 3 2 5 2 4 3 3 1 4 2 5 4 5 5 4 3 4 1 4 3 5 5 2 5 20 "female"
"115" 5 2 2 2 1 5 3 1 1 1 4 2 5 1 1 3 2 2 3 1 1 2 1 1 2 3 4 2 2 5 1 1 20 "female"
"116" 4 4 4 3 2 5 4 3 2 1 4 5 4 3 2 4 3 4 4 1 1 3 4 1 2 1 2 4 3 5 4 2 19 "female"
"117" 4 5 3 3 5 5 5 1 3 5 5 5 5 1 1 1 5 5 5 5 5 5 1 3 5 1 2 5 5 5 5 5 15 "female"
"118" 4 3 2 1 1 4 2 1 5 4 3 2 3 5 2 1 3 5 3 2 1 1 2 1 1 1 5 3 1 5 1 5 20 "female"
"119" 5 3 5 2 1 5 4 4 1 1 5 5 4 2 5 1 4 3 4 2 1 4 5 3 2 4 5 4 4 5 3 1 19 "female"
"120" 1 3 4 1 1 5 4 1 1 1 1 1 4 1 1 4 1 1 5 2 1 1 5 1 1 2 4 4 3 5 5 3 18 "male"
"121" 1 5 2 4 1 5 3 2 4 1 4 5 5 3 2 1 1 2 3 1 1 1 2 1 1 3 2 4 2 3 3 5 15 "female"
"122" 4 1 1 1 1 2 1 1 3 1 5 3 4 2 1 1 5 5 5 5 5 3 3 4 3 1 3 1 5 4 1 4 20 "female"
"123" 3 3 3 1 2 3 3 3 3 3 3 3 3 4 3 3 3 1 3 3 2 1 1 3 3 2 2 4 4 4 4 4 16 "female"
"124" 5 2 1 3 2 4 4 1 3 1 4 4 5 2 5 4 4 2 4 1 3 1 4 4 2 3 2 5 4 5 1 5 18 "male"
"125" 4 2 5 2 4 5 4 3 5 5 3 3 3 5 2 2 1 5 3 4 1 2 5 5 4 1 3 5 5 5 3 3 21 "male"
"126" 2 3 2 1 1 3 1 2 5 4 5 3 5 5 1 1 1 5 5 2 5 3 2 4 1 2 3 2 2 4 1 3 20 "female"
"127" 1 3 1 2 1 4 3 1 3 2 3 1 4 1 3 1 4 3 5 5 5 3 2 4 2 4 4 2 3 5 3 5 19 "female"
"128" 5 4 3 2 2 3 1 1 1 1 4 3 5 2 2 3 5 5 5 1 4 3 2 1 1 2 3 2 4 4 5 5 19 "female"
"129" 3 5 1 5 5 5 5 5 3 4 4 1 5 1 1 1 1 1 5 1 1 1 1 3 1 1 1 5 3 3 1 5 19 "female"
"130" 3 4 1 1 4 5 5 1 5 5 2 3 3 5 1 1 4 1 5 3 3 1 4 4 1 1 3 5 4 5 3 3 21 "male"
"131" 5 3 5 1 1 5 5 3 2 1 4 4 5 3 5 4 2 5 5 1 1 1 5 5 1 2 4 3 4 5 2 4 21 "male"
"132" 4 2 3 5 5 5 4 2 2 3 5 5 4 2 2 2 1 3 5 1 1 3 4 1 1 1 1 5 2 2 2 3 18 "male"
"133" 3 4 3 4 4 5 5 3 3 4 1 4 4 3 3 1 2 5 4 3 2 3 3 4 1 2 2 4 2 3 2 1 20 "male"
"134" 2 3 1 5 5 3 5 3 2 3 2 3 3 2 1 2 1 3 4 1 1 1 2 3 1 1 2 4 2 3 3 1 19 "male"
"135" 2 3 4 3 3 4 4 5 2 2 4 4 4 2 1 3 3 1 4 1 1 1 5 4 1 2 3 5 3 5 3 1 22 "female"
"136" 4 4 4 2 2 3 3 1 2 1 3 4 2 3 2 2 3 4 2 1 1 1 4 5 1 4 2 3 4 5 2 3 20 "male"
"137" 5 5 5 2 1 4 2 5 2 2 2 3 5 5 3 1 1 2 1 1 1 5 3 5 1 1 3 4 2 5 4 4 25 "male"
"138" 5 3 5 1 2 4 2 3 2 1 4 2 3 2 2 4 3 4 3 1 1 1 3 3 2 4 5 4 2 3 2 1 21 "female"
"139" 5 1 5 3 4 5 5 5 2 2 1 5 5 2 4 2 1 2 3 1 3 1 1 1 1 1 2 5 1 5 1 3 24 "male"
"140" 4 5 2 3 2 3 2 1 4 3 4 3 5 4 5 2 3 1 3 4 5 4 3 3 3 2 3 4 3 3 4 4 19 "female"
"141" 5 2 4 1 1 5 2 1 1 1 5 4 5 1 5 1 1 3 3 1 1 1 3 2 1 1 4 1 1 4 1 4 25 "male"
"142" 3 4 3 2 2 4 4 2 2 2 4 3 2 2 2 2 2 4 5 1 1 1 3 1 1 2 2 3 2 5 4 2 26 "male"
"143" 1 2 1 3 2 5 3 1 3 3 4 4 4 2 1 1 4 1 5 2 5 4 5 5 3 4 5 4 4 5 2 5 15 "female"
"144" 4 4 4 3 2 4 3 4 4 2 4 5 4 3 3 3 3 4 5 3 4 2 5 4 3 2 2 3 4 5 5 5 20 "male"
"145" 4 3 5 5 4 5 4 5 2 3 1 5 4 1 2 4 3 1 2 4 5 4 5 5 1 1 1 4 2 5 4 1 19 "male"
"146" 2 2 1 1 1 4 2 1 5 5 5 2 4 4 1 1 2 1 3 1 1 4 4 2 3 4 5 3 2 5 3 5 20 "female"
"147" 5 3 3 1 1 5 2 2 1 1 3 5 5 1 3 4 1 2 3 1 1 1 1 5 1 1 1 2 1 3 2 2 21 "male"
"148" 5 5 3 1 1 5 3 3 3 3 2 2 2 2 1 1 1 5 1 2 1 1 1 1 1 1 1 1 1 3 1 1 22 "male"
"149" 3 3 2 1 1 4 4 1 2 1 4 1 4 1 2 1 3 2 1 1 1 4 1 3 2 5 5 1 4 4 1 4 20 "male"
"150" 3 4 5 2 1 5 4 4 1 1 5 4 5 2 5 2 4 3 5 4 4 2 2 2 1 2 5 4 5 5 4 2 20 "female"
"151" 2 2 2 2 2 2 2 3 2 4 4 3 4 2 1 1 3 1 4 1 3 1 2 5 1 1 2 3 4 4 3 1 21 "female"
"152" 3 3 3 1 2 4 3 3 3 2 1 3 1 2 2 2 1 1 2 1 1 1 5 2 1 1 2 4 1 3 2 4 21 "male"
"153" 3 4 4 1 1 5 5 5 1 1 4 3 3 1 5 2 1 1 1 1 1 4 4 4 1 3 4 5 3 5 5 1 20 "female"
"154" 4 2 2 1 1 3 1 1 2 1 5 3 5 1 2 1 4 2 3 1 4 4 1 1 1 1 3 1 5 4 3 4 19 "female"
"155" 5 4 5 5 3 3 1 5 4 1 3 5 4 4 4 1 2 3 5 2 5 3 3 5 1 1 1 1 3 5 3 4 19 "male"
"156" 4 4 4 1 1 5 5 5 1 1 4 3 3 1 5 1 1 1 1 1 1 4 4 4 1 4 4 5 3 5 4 1 20 "male"
"157" 5 4 4 3 3 5 5 2 2 2 2 5 4 2 3 2 2 1 4 1 1 5 5 2 1 1 1 5 3 5 2 3 22 "male"
"158" 3 2 1 4 2 5 5 2 2 3 1 2 4 2 1 5 1 1 4 1 1 2 4 3 1 1 4 5 3 5 2 5 21 "male"
"159" 1 5 1 1 1 4 1 1 3 1 5 1 5 5 1 5 1 1 4 1 5 1 5 4 2 3 1 1 3 3 3 5 17 "female"
"160" 1 1 1 5 4 5 5 4 1 2 1 1 3 1 2 5 3 1 5 2 2 1 1 5 1 1 3 4 3 4 3 4 22 "male"
"161" 4 4 1 3 3 3 3 1 3 3 4 3 5 3 1 1 2 3 3 1 1 4 1 1 3 2 3 3 3 3 1 3 20 "female"
"162" 5 5 3 2 2 5 3 2 4 2 2 2 4 3 3 1 4 4 5 3 4 2 2 3 2 1 4 4 2 3 4 4 22 "male"
"163" 4 5 5 4 3 5 3 5 1 1 5 4 4 1 1 5 1 1 1 1 1 1 1 1 1 1 5 4 4 5 5 1 21 "male"
"164" 3 2 3 2 2 4 2 2 5 4 4 2 4 5 2 2 3 2 4 1 1 1 3 4 2 2 5 5 5 5 3 5 19 "female"
"165" 5 5 5 2 2 4 1 2 4 2 5 5 3 3 1 1 4 1 5 3 1 3 3 5 3 1 3 5 4 5 5 5 20 "male"
"166" 3 3 1 1 1 3 1 1 1 1 5 3 2 1 1 1 5 3 1 2 1 5 2 2 1 1 3 2 5 3 1 2 21 "female"
"167" 2 5 2 5 2 3 2 1 5 1 5 2 3 1 2 2 3 5 5 1 2 1 5 3 5 1 3 2 5 5 4 5 19 "female"
"168" 3 3 3 1 1 2 1 4 1 1 5 3 2 1 2 1 2 3 4 3 2 1 3 4 4 3 4 1 4 4 2 4 29 "female"
"169" 5 3 1 1 1 5 2 1 1 1 3 2 2 1 1 1 2 1 2 1 1 3 2 1 1 2 1 2 1 2 3 2 22 "female"
"170" 4 3 2 3 1 5 3 3 1 1 5 2 5 1 2 1 2 2 4 3 1 1 2 3 1 1 2 3 1 3 3 1 17 "female"
"171" 3 3 2 5 3 5 4 3 5 4 5 3 3 4 1 2 1 1 2 1 1 1 4 5 4 1 3 3 2 4 4 2 16 "female"
"172" 3 4 1 1 1 4 4 1 1 1 3 2 1 1 1 1 5 1 3 4 5 1 2 2 4 3 2 1 5 4 1 2 29 "female"
"173" 3 3 2 1 1 5 4 4 3 1 3 2 5 1 2 1 2 1 3 4 1 5 2 4 1 5 4 1 2 5 2 5 18 "female"
"174" 3 3 1 1 3 3 2 1 3 1 4 2 2 2 1 1 3 3 4 1 3 4 4 4 4 1 2 3 3 5 1 5 26 "male"
"175" 2 3 2 1 1 4 4 4 1 1 4 3 4 1 3 3 3 1 3 1 5 3 5 2 1 1 2 4 2 4 4 1 19 "male"
"176" 3 3 2 1 1 5 5 3 3 1 2 5 4 3 3 4 2 2 3 2 2 3 4 4 3 4 4 5 3 4 3 1 19 "male"
"177" 4 4 2 1 1 5 3 3 3 1 4 4 5 4 2 3 2 1 5 3 1 1 5 5 1 2 3 3 3 5 4 1 20 "female"
"178" 2 1 1 1 1 4 2 4 1 1 1 4 3 1 1 3 1 1 5 5 1 1 5 1 1 2 4 1 4 5 1 4 22 "female"
"179" 4 3 2 1 1 3 4 1 1 1 2 1 3 1 1 4 1 1 4 1 3 1 2 4 1 1 2 3 1 5 3 4 20 "male"
"180" 3 2 3 1 3 5 5 3 1 1 3 4 4 2 2 3 2 1 1 1 1 1 5 2 1 1 2 4 2 2 2 5 21 "male"
"181" 4 5 1 1 1 5 2 5 1 1 5 5 5 1 5 1 1 1 5 1 5 5 4 4 1 4 5 5 5 5 1 5 18 ""
"182" 2 2 1 3 2 5 4 3 5 5 3 1 4 5 3 4 3 2 3 5 1 1 4 3 3 1 4 1 2 5 4 3 19 "female"
"183" 1 2 1 4 3 5 4 3 1 2 5 2 2 1 1 1 1 1 3 1 3 1 1 1 1 1 1 4 4 4 1 3 24 "female"
"184" 5 4 1 1 2 2 2 1 4 4 5 3 5 5 1 1 4 4 4 4 3 5 1 4 4 1 1 4 5 5 1 2 19 "female"
"185" 5 3 5 4 4 4 4 2 2 4 5 3 5 3 5 4 5 3 4 1 3 3 3 3 1 1 1 4 5 4 3 3 25 "male"
"186" 5 2 4 1 1 4 2 2 3 2 5 5 4 3 5 4 2 2 4 2 1 2 5 5 2 3 3 4 3 4 2 5 20 "female"
"187" 3 3 3 1 1 2 1 1 3 2 3 3 4 2 1 3 5 1 4 2 3 2 3 5 1 4 5 3 2 5 5 5 19 "female"
"188" 4 4 4 4 3 4 5 3 2 2 4 5 3 2 4 3 3 4 4 1 1 1 5 5 1 1 1 4 4 5 4 3 21 "male"
"189" 5 4 5 4 5 4 5 4 5 4 5 4 5 4 5 4 5 4 5 4 2 3 2 5 5 5 5 4 4 5 4 5 23 "male"
"190" 1 3 2 1 1 5 5 4 1 1 3 2 5 1 1 3 1 1 3 5 1 1 3 5 1 5 5 1 4 5 3 4 21 "female"
"191" 5 3 4 5 5 5 5 4 3 3 5 4 4 3 4 3 5 1 5 2 5 5 5 1 4 1 4 4 5 5 2 1 20 "male"
"192" 3 3 3 3 4 5 4 4 5 5 5 4 5 5 4 5 3 3 5 2 1 1 3 3 3 4 4 5 4 5 4 4 20 "female"
"193" 4 3 3 3 3 4 3 2 5 5 4 5 5 5 4 4 4 2 2 1 1 2 2 3 2 4 4 5 4 4 2 3 18 "female"
"194" 3 1 1 1 1 3 1 1 1 1 1 3 1 1 1 3 1 1 3 5 1 1 5 5 1 3 3 1 1 5 4 1 27 "male"
"195" 3 3 2 3 4 4 1 1 4 4 3 1 3 5 3 1 2 1 3 1 1 1 1 3 1 1 4 1 2 4 3 1 17 "female"
"196" 2 3 1 2 1 5 4 3 2 2 5 5 5 1 2 1 4 3 4 3 4 3 3 2 2 2 2 2 5 5 4 5 19 "female"
"197" 2 1 5 2 4 5 4 2 5 5 3 3 5 5 3 4 1 2 4 5 5 1 2 4 1 3 3 5 3 5 4 5 18 "male"
"198" 3 3 1 1 1 3 4 1 5 5 3 1 5 3 2 4 3 2 4 2 5 1 5 5 3 1 3 4 2 5 3 5 18 "male"
"199" 3 4 1 4 4 5 5 3 2 1 3 5 5 3 3 4 4 1 5 1 5 3 3 5 3 1 2 5 3 5 4 4 30 "male"
"200" 2 3 1 2 2 3 2 2 1 1 3 3 3 1 1 1 1 2 4 1 1 2 4 2 3 3 4 3 2 3 1 1 24 "female"
"201" 4 5 2 3 2 5 3 2 5 3 5 3 4 2 2 2 3 3 4 5 4 4 5 5 2 2 3 3 3 5 5 5 20 "female"
"202" 2 4 3 1 3 5 4 4 1 1 1 1 2 1 1 2 1 3 1 1 1 1 4 1 1 1 2 4 2 3 1 1 20 "male"
"203" 3 3 4 4 4 5 4 4 2 2 4 4 4 3 2 5 3 3 4 3 3 1 4 2 1 1 2 5 3 5 4 3 20 "male"
"204" 5 4 3 3 4 4 4 2 4 4 5 5 5 4 3 4 4 4 4 1 1 2 4 2 1 1 3 3 5 3 1 3 19 "female"
"205" 3 3 2 3 3 3 3 3 4 5 4 3 4 4 2 1 5 3 5 4 4 1 4 2 4 1 2 4 4 5 2 5 20 "female"
"206" 2 1 1 4 2 5 5 2 3 2 1 5 3 2 2 2 2 2 5 2 4 1 5 3 2 1 2 4 2 4 5 1 21 "male"
"207" 4 4 4 3 1 4 2 5 2 2 5 4 5 2 1 2 3 3 4 5 1 1 5 4 1 3 5 3 3 5 3 4 19 "female"
"208" 2 4 2 2 1 5 3 4 2 1 3 4 5 4 4 3 2 1 5 5 4 3 4 2 4 5 5 2 3 5 2 5 19 "female"
"209" 1 2 4 4 1 5 4 5 1 1 1 5 5 1 3 1 1 1 5 2 5 1 5 2 3 2 4 2 1 5 1 1 19 "female"
"210" 1 4 1 1 1 4 2 2 4 4 4 1 3 3 2 2 2 2 4 4 1 3 5 5 3 3 3 2 3 4 3 5 18 "female"
"211" 1 1 1 5 4 5 2 5 2 2 1 1 2 1 3 3 1 1 2 2 1 1 4 2 3 3 5 2 1 5 3 5 18 "female"
"212" 5 5 4 1 1 5 1 1 2 3 5 4 4 1 5 2 1 5 2 1 1 3 5 1 3 1 5 1 4 5 1 3 16 "female"
"213" 5 4 5 3 2 5 3 2 3 4 5 2 5 2 5 2 5 2 2 2 2 2 4 4 3 2 5 5 5 5 1 5 19 "female"
"214" 2 2 3 4 1 4 1 5 1 1 4 5 5 2 1 4 2 1 4 4 2 1 5 2 1 2 4 3 2 5 5 5 18 "female"
"215" 2 3 2 2 2 4 2 4 2 1 1 2 5 1 1 2 1 1 3 2 1 1 2 2 1 3 5 3 3 5 1 3 19 "female"
"216" 4 2 4 1 2 3 1 3 4 2 4 4 3 2 3 2 4 2 3 3 2 3 2 4 3 1 4 3 4 4 3 4 21 "female"
"217" 3 3 5 2 2 5 5 4 2 2 1 3 3 2 4 5 3 1 3 1 1 1 5 5 2 3 2 3 2 4 5 3 21 "male"
"218" 3 4 4 4 5 4 3 1 2 1 2 2 5 3 5 4 3 1 2 1 1 2 5 3 1 5 5 3 4 5 3 5 18 "female"
"219" 3 3 2 1 1 4 3 4 2 1 4 1 5 2 2 1 5 4 3 2 2 2 2 2 2 2 5 2 5 5 1 2 21 "female"
"220" 4 5 2 4 1 4 3 2 5 3 5 2 5 5 1 1 2 2 2 1 1 4 2 1 4 3 2 5 3 2 1 1 17 "female"
"221" 1 5 2 1 1 5 1 1 3 1 5 1 3 3 1 1 1 1 2 1 1 1 2 3 1 5 5 1 4 5 1 5 20 "female"
"222" 3 5 2 1 1 2 1 3 1 1 5 5 3 1 1 1 5 1 5 2 1 5 5 5 2 2 2 3 5 5 5 5 19 "female"
"223" 5 3 2 5 4 5 5 4 1 1 1 2 1 1 5 3 1 1 1 1 1 1 1 5 1 1 5 4 2 5 3 5 27 "male"
"224" 5 5 3 2 2 4 2 3 2 2 5 2 5 3 5 1 3 1 2 3 4 1 2 2 1 1 4 3 4 5 4 3 19 "female"
"225" 4 4 2 1 1 5 3 1 5 5 3 3 2 5 1 1 2 5 5 3 3 3 5 3 2 1 4 4 3 5 5 5 19 "female"
"226" 1 1 2 1 1 4 3 4 1 1 5 2 4 1 1 1 1 2 4 3 1 2 5 3 1 4 5 1 3 5 4 1 20 "female"
"227" 2 2 2 1 1 5 4 2 5 5 4 1 4 4 1 2 3 2 4 1 3 1 5 4 3 1 4 4 4 5 1 5 19 "female"
"228" 3 4 2 1 1 5 4 2 1 1 5 3 5 2 1 2 2 2 4 3 3 5 5 3 5 3 5 3 3 5 2 5 20 "female"
"229" 1 3 1 1 5 5 5 1 3 1 1 1 2 2 1 5 1 5 5 2 1 1 5 2 5 2 5 5 1 5 1 1 17 "female"
"230" 2 4 3 2 1 5 3 4 1 1 2 1 2 5 3 3 1 1 3 1 1 1 4 1 3 5 5 1 2 5 1 5 23 "female"
"231" 2 5 1 2 2 4 2 1 4 4 5 3 5 4 1 1 4 5 5 3 5 5 3 5 1 1 1 4 5 5 4 3 20 "female"
"232" 3 2 2 1 1 5 2 3 1 1 2 2 2 1 3 3 1 1 2 3 2 1 1 5 1 5 5 1 1 5 3 1 20 "female"
"233" 4 2 4 5 3 5 5 2 2 2 1 3 4 1 1 5 2 4 5 2 2 1 5 5 1 3 3 5 3 5 4 1 19 "male"
"234" 2 2 2 4 4 5 3 1 1 1 5 5 3 1 1 1 1 3 5 1 3 1 4 2 1 1 1 4 3 5 1 2 20 "female"
"235" 3 2 4 4 2 5 5 5 2 1 5 1 5 1 4 2 3 2 5 5 4 5 2 5 4 4 5 2 2 5 3 5 18 "female"
"236" 1 4 2 3 2 3 2 3 4 1 3 3 5 2 4 3 3 1 2 2 1 3 5 4 2 2 5 1 3 5 2 3 15 "female"
"237" 2 2 2 2 2 5 5 2 5 5 3 2 3 5 3 3 4 1 3 1 1 1 1 5 3 3 3 5 5 5 4 5 19 "female"
"238" 1 1 1 2 1 5 5 1 2 2 3 1 3 2 2 1 1 1 1 1 1 1 3 1 1 3 4 1 2 5 1 5 15 "female"
"239" 3 3 1 4 3 4 4 4 3 1 5 5 5 2 1 3 3 1 4 3 2 1 2 4 3 3 4 3 3 5 4 4 19 "female"
"240" 4 4 4 3 4 3 2 2 3 2 5 2 4 2 2 1 3 4 5 4 4 2 3 3 1 1 3 4 5 5 4 5 21 "female"
"241" 1 2 2 5 3 5 2 1 5 5 1 1 4 3 1 1 1 1 4 5 1 1 5 2 4 2 5 4 1 5 3 5 19 "female"
"242" 3 3 3 2 2 3 2 1 5 4 5 3 5 5 4 1 2 5 4 1 2 2 1 1 2 1 2 5 2 4 3 3 17 "female"
"243" 4 1 3 2 1 4 4 2 2 1 4 3 3 2 2 5 2 1 4 3 1 1 4 5 1 4 4 3 3 5 5 5 24 "male"
"244" 3 4 2 3 2 3 1 1 5 5 5 3 4 5 1 1 5 3 5 1 1 2 1 2 2 1 2 4 5 5 1 5 19 "female"
"245" 3 4 3 2 1 5 4 4 3 2 4 4 5 3 4 2 4 1 4 3 3 2 4 4 1 2 4 4 3 5 5 1 19 "female"
"246" 5 5 5 1 1 3 3 3 1 1 4 2 2 2 5 4 3 1 5 4 2 4 2 4 5 1 1 4 4 5 3 4 22 "female"
"247" 5 5 4 2 2 5 5 3 2 2 5 3 5 2 3 3 5 3 2 3 2 5 4 2 2 4 5 4 5 5 1 2 20 "female"
"248" 4 1 1 3 1 5 1 4 1 1 4 1 4 1 2 1 1 3 4 2 4 1 5 2 1 2 4 1 3 5 5 1 21 "female"
"249" 5 3 4 2 2 5 5 4 1 1 2 2 5 2 4 3 1 1 1 1 1 1 4 5 1 1 2 3 2 5 2 1 19 "male"
"250" 4 3 3 3 3 5 3 2 5 5 5 5 4 3 2 4 3 2 5 2 1 1 1 5 5 3 2 5 2 5 5 5 19 "male"
"251" 3 4 2 1 2 4 2 2 3 1 3 1 3 3 2 2 3 3 4 5 4 5 5 5 1 2 5 2 5 4 3 4 18 "female"
"252" 2 3 3 1 4 4 3 1 5 5 2 4 4 5 1 4 3 1 4 3 5 1 5 1 1 1 2 4 2 5 1 5 19 "male"
"253" 1 3 2 1 1 4 1 5 2 1 1 1 3 1 1 4 1 1 4 1 1 1 2 1 1 2 4 2 3 4 1 5 20 "female"
"254" 2 2 2 5 3 5 5 4 3 2 1 3 4 3 2 3 2 1 4 2 2 1 5 5 3 2 2 5 3 4 5 1 22 "male"
"255" 2 1 1 4 1 5 4 5 1 1 1 4 3 1 1 4 1 1 5 1 1 1 5 5 3 2 1 2 1 3 5 4 20 "male"
"256" 2 3 2 2 1 4 2 2 5 4 5 2 5 5 1 1 4 4 2 3 1 2 4 2 1 2 4 3 3 5 1 5 20 "female"
"257" 4 4 1 1 1 4 4 2 2 1 3 3 5 2 2 4 5 1 5 2 1 1 3 5 2 3 5 3 4 5 2 5 27 "female"
"258" 4 3 3 1 1 4 2 4 4 2 4 4 4 3 2 2 3 2 3 2 2 1 3 4 2 2 4 3 3 5 2 4 19 "female"
"259" 5 2 5 1 2 4 4 4 2 2 2 4 4 3 5 3 1 1 4 1 2 1 5 4 1 2 2 3 4 5 5 4 19 "male"
"260" 4 3 3 1 1 1 1 1 5 5 5 3 4 5 3 1 5 5 3 3 1 5 3 4 1 1 5 5 5 5 4 2 20 "female"
"261" 4 3 3 2 1 4 1 5 3 1 4 3 4 1 3 3 2 3 3 1 1 1 3 5 1 1 2 3 4 4 4 3 20 "male"
"262" 3 4 3 1 1 5 2 2 1 1 5 4 5 1 2 1 3 1 2 3 1 4 1 2 1 5 5 4 5 5 3 5 21 "female"
"263" 4 1 1 5 5 5 4 2 3 1 5 2 5 1 1 1 3 1 4 1 3 3 1 2 1 1 2 4 4 5 2 5 16 "female"
"264" 5 5 4 1 1 3 1 5 3 1 3 4 5 2 4 2 4 1 3 4 1 1 3 4 1 1 3 2 3 3 2 5 19 "female"
"265" 3 3 3 1 1 2 1 3 4 1 3 4 4 2 2 2 2 4 5 2 1 1 4 5 1 2 5 3 2 4 4 5 18 "female"
"266" 4 2 3 4 3 5 5 2 1 1 2 4 5 1 1 5 2 1 1 1 1 1 5 5 1 1 2 5 1 5 5 4 23 "male"
"267" 1 4 1 3 3 5 3 1 4 4 5 1 3 5 1 2 3 4 3 1 2 3 4 1 3 1 1 3 2 5 2 3 19 "male"
"268" 3 5 3 1 1 3 2 1 1 1 5 2 4 2 1 1 3 2 5 5 1 5 1 5 2 2 3 2 1 5 3 5 19 "female"
"269" 3 4 3 1 1 4 3 3 2 1 1 2 4 3 2 3 3 1 3 2 3 1 5 2 1 2 4 2 3 5 1 4 22 "female"
"270" 5 5 2 2 4 3 4 1 2 3 4 4 1 2 2 2 3 2 4 1 1 2 2 1 2 1 2 5 4 4 1 3 20 "male"
"271" 4 2 2 5 2 4 4 5 2 2 5 4 4 3 3 4 1 1 4 4 1 1 5 4 4 4 5 3 3 3 1 5 25 "female"
"272" 4 5 4 1 1 3 1 4 3 1 5 2 4 2 4 1 1 2 1 3 1 1 2 3 3 1 4 3 1 5 1 1 18 "female"
"273" 5 5 5 4 2 5 2 2 2 1 4 4 5 1 2 1 3 3 5 4 5 2 3 3 1 3 3 3 3 5 4 5 20 "female"
"274" 3 4 1 4 1 5 5 3 3 1 1 5 4 1 3 5 2 2 3 4 4 1 5 5 2 2 5 5 4 5 5 5 15 "female"
"275" 2 2 2 5 3 5 5 1 5 4 5 2 5 5 1 1 2 2 5 1 5 5 5 4 2 1 1 5 1 2 1 1 19 "female"
"276" 3 4 4 2 2 3 3 3 5 2 1 4 4 4 4 4 2 2 4 4 1 1 5 5 2 3 4 4 2 5 4 3 19 "female"
"277" 2 3 1 3 3 3 3 1 3 3 4 2 4 2 1 2 3 1 3 5 1 1 2 4 5 1 5 3 4 5 4 1 16 "female"
"278" 1 1 1 2 2 4 4 2 5 5 1 2 2 5 1 5 1 2 2 2 1 1 3 3 2 2 4 3 2 4 4 5 19 "male"
"279" 5 3 3 3 1 4 3 5 4 3 5 5 5 2 2 4 3 3 3 3 3 2 5 4 2 3 4 3 5 5 5 2 18 "female"
"280" 2 1 1 2 2 3 3 1 1 2 1 3 1 1 1 3 1 1 1 1 1 1 5 5 1 1 1 2 1 4 2 3 15 "male"
"281" 5 4 2 5 5 5 5 2 3 2 3 5 5 3 3 5 5 4 5 2 5 4 5 5 2 3 3 5 4 5 5 5 20 "male"
"282" 4 2 2 1 1 5 3 4 1 1 2 4 3 1 1 2 2 3 2 2 1 1 5 3 1 4 5 4 3 5 1 1 20 "male"
"283" 3 2 2 2 2 4 2 1 5 4 1 2 1 2 3 2 3 1 4 4 1 1 4 4 4 4 5 3 2 5 4 5 20 "female"
"284" 1 1 1 3 3 3 4 2 2 2 3 3 3 2 1 4 1 1 3 3 1 1 5 5 1 2 2 5 1 5 3 5 19 "male"
"285" 3 5 4 1 1 5 2 4 2 1 5 4 5 2 2 2 3 5 5 3 1 3 4 1 1 4 3 3 5 5 3 3 18 "female"
"286" 5 2 5 1 1 2 2 2 1 1 3 5 3 1 5 3 3 2 4 2 5 1 4 5 2 3 4 2 2 4 3 5 18 "female"
"287" 2 4 3 3 3 4 4 2 5 5 1 1 3 5 1 1 1 4 3 1 3 1 5 4 4 3 4 5 2 4 2 5 20 "male"
"288" 1 2 2 2 2 3 3 4 4 2 2 3 3 4 2 1 2 4 4 2 2 1 3 1 1 4 4 2 3 5 4 3 18 "female"
"289" 5 3 3 1 3 5 3 3 5 5 3 5 4 5 2 5 3 3 4 3 3 2 5 5 5 2 3 5 2 5 5 5 19 "male"
"290" 4 4 4 4 1 3 1 5 1 1 1 3 3 2 2 1 1 1 4 1 1 1 4 3 3 3 2 1 2 5 2 4 19 "female"
"291" 3 3 1 2 1 5 5 5 1 1 5 4 4 2 2 4 3 1 4 1 1 3 4 2 2 5 4 4 3 2 2 5 20 "female"
"292" 3 2 2 2 1 4 4 4 3 2 1 2 3 2 1 3 1 2 4 3 1 1 5 3 2 5 5 3 2 5 2 4 17 "female"
"293" 2 3 2 3 5 5 2 1 5 2 4 3 3 5 2 5 3 3 3 5 3 4 1 5 4 3 2 4 3 5 5 5 17 "male"
"294" 3 3 2 4 4 5 2 1 5 5 5 3 3 5 2 2 2 5 5 4 1 4 5 3 3 1 3 3 4 3 1 5 22 "female"
"295" 5 3 3 3 2 5 3 2 3 3 5 5 3 3 2 2 3 3 3 2 5 4 5 5 3 2 4 3 3 5 3 5 16 "female"
"296" 4 4 3 1 1 5 4 3 1 1 5 5 5 2 2 1 1 1 5 1 1 1 3 2 2 2 4 3 4 5 3 2 24 "female"
"297" 5 2 2 3 2 3 5 4 3 3 2 2 2 2 2 5 3 4 4 4 4 2 3 5 2 2 3 5 5 5 4 3 17 "male"
"298" 1 1 3 5 5 3 4 1 3 5 1 3 3 4 1 2 1 1 4 1 1 1 1 1 2 3 2 5 1 4 1 4 17 "male"
"299" 3 3 4 4 5 3 3 5 1 1 1 1 1 1 4 5 1 3 5 2 1 1 1 5 4 4 1 5 2 5 5 5 17 "male"
"300" 2 2 1 3 1 5 2 4 2 1 3 1 3 1 2 1 4 5 5 5 5 2 4 2 1 4 5 4 5 5 4 1 15 "female"
"301" 5 2 5 1 1 2 2 3 1 1 3 5 3 2 5 3 2 2 4 2 5 1 4 5 2 3 4 2 2 3 2 5 18 "female"
"302" 5 3 4 1 2 3 1 1 2 2 5 4 4 2 3 1 1 5 3 1 2 5 2 1 1 2 1 4 2 4 2 1 18 "female"
"303" 3 3 2 1 1 5 5 1 1 1 1 1 3 1 1 4 3 1 3 5 3 4 5 5 3 4 5 5 1 5 5 2 16 "male"
"304" 2 3 2 4 3 3 3 4 2 3 2 4 3 1 1 1 3 1 2 4 2 1 5 3 1 2 3 2 3 5 4 5 20 "female"
"305" 2 3 1 1 1 3 3 3 5 3 5 2 4 2 2 1 3 1 5 5 2 1 3 4 5 2 3 3 3 4 1 5 29 "female"
"306" 1 1 4 1 1 4 2 5 1 1 1 2 3 1 1 1 1 1 4 1 3 1 5 2 4 5 4 1 1 4 1 1 24 "female"
"307" 3 3 1 3 1 4 1 5 1 2 4 4 5 1 3 3 3 1 4 1 1 1 5 2 3 3 3 2 2 4 3 4 18 "female"
"308" 5 5 2 1 1 5 4 1 1 1 3 4 1 1 1 4 3 1 3 1 1 1 5 3 1 2 3 2 1 5 3 5 17 "male"
"309" 2 2 1 2 2 5 5 4 1 1 1 2 4 1 1 2 1 1 3 1 1 1 3 5 1 3 2 4 1 4 5 1 18 "male"
"310" 3 2 1 3 3 4 4 1 4 4 4 4 2 3 1 1 2 1 5 5 5 1 1 5 5 1 4 4 5 5 4 4 16 "male"
"311" 2 2 1 2 2 5 5 1 1 1 1 1 1 1 1 4 1 1 1 1 1 1 4 3 1 1 1 5 1 5 3 3 20 "male"
"312" 3 3 2 5 4 5 3 2 5 5 4 4 5 5 2 2 2 3 5 3 4 1 5 5 4 4 5 3 3 5 4 5 16 "female"
"313" 1 1 1 1 5 5 3 1 5 5 1 2 3 5 1 3 1 1 5 1 1 1 5 1 3 1 1 2 1 5 5 2 19 "male"
"314" 4 4 4 2 2 2 2 4 2 2 5 4 5 2 4 3 4 2 2 2 4 3 1 3 2 2 4 2 5 5 3 3 18 "female"
"315" 3 4 4 4 4 4 3 4 5 2 5 3 4 3 3 3 4 5 5 3 5 4 1 4 3 4 5 4 5 5 1 4 20 "female"
"316" 5 2 4 5 5 5 4 4 2 2 2 4 4 2 2 3 1 1 3 1 1 1 5 3 1 3 1 5 2 4 2 3 18 "male"
"317" 1 3 1 3 2 3 3 2 4 3 1 1 3 3 2 4 2 1 3 1 3 1 5 5 2 1 3 2 3 3 3 5 21 "male"
"318" 5 2 2 2 2 4 4 1 1 2 2 4 3 1 1 1 1 2 4 2 2 1 3 4 2 3 2 2 2 4 1 5 19 "male"
"319" 5 2 2 1 1 3 1 1 2 1 5 1 5 2 2 3 3 1 3 1 1 1 1 5 1 3 5 2 3 5 1 5 20 "female"
"320" 4 5 1 1 2 4 5 3 2 2 4 1 5 3 1 4 5 5 5 4 5 4 3 5 2 1 3 3 5 5 3 5 19 "female"
"321" 5 4 1 1 1 3 2 1 1 1 5 4 5 2 1 3 1 2 2 2 5 2 1 4 1 2 1 4 5 5 5 3 19 "female"
"322" 3 3 2 2 1 4 4 5 1 1 1 4 3 1 1 2 2 1 2 1 1 1 5 5 1 3 4 3 2 4 4 1 20 "male"
"323" 5 1 2 1 1 4 5 2 1 1 3 3 4 1 2 5 1 3 4 2 1 1 5 5 1 1 2 4 3 5 5 3 20 "male"
"324" 4 3 4 4 3 5 4 3 4 2 3 3 2 3 3 5 2 1 5 1 2 1 3 5 3 3 3 3 2 3 5 5 17 "male"
"325" 4 4 2 2 1 5 2 2 5 4 5 4 5 5 1 2 2 1 5 4 2 1 3 3 3 1 5 3 3 5 3 5 19 "female"
"326" 2 5 1 5 3 3 3 3 5 5 5 2 3 5 2 2 3 5 5 5 5 3 2 5 3 1 3 3 3 5 2 3 19 "female"
"327" 3 3 3 1 3 5 5 5 1 1 1 2 4 1 1 4 2 3 5 1 1 1 1 1 1 1 3 5 1 2 2 1 20 "male"
"328" 2 2 1 1 2 2 1 1 5 5 2 2 3 5 1 2 1 1 4 3 1 1 5 4 1 3 5 4 3 5 5 5 21 "female"
"329" 2 1 1 3 2 5 2 1 5 5 4 2 3 3 1 3 1 1 3 1 1 1 5 5 2 2 3 2 4 3 1 1 20 "female"
"330" 3 5 4 5 4 5 4 5 5 5 5 4 5 5 3 4 5 4 4 2 4 3 5 3 2 1 2 3 4 5 5 4 17 "female"
"331" 4 4 1 5 1 4 1 1 1 1 2 2 3 1 1 1 4 1 5 5 2 1 5 2 2 1 3 1 4 5 5 5 20 "female"
"332" 3 5 4 3 3 5 5 4 3 2 2 3 3 2 4 3 3 4 4 5 5 1 3 5 1 2 3 5 4 4 3 3 25 "male"
"333" 3 4 1 2 1 4 3 2 5 5 2 2 4 4 1 2 1 2 3 4 5 1 3 3 1 4 5 3 2 5 5 4 20 "female"
"334" 5 5 3 2 1 4 2 2 1 1 5 2 4 1 3 2 4 1 1 2 1 1 4 1 1 1 4 3 5 5 2 5 21 "female"
"335" 1 2 2 5 2 5 5 2 1 1 1 4 3 1 1 2 2 1 2 1 2 1 1 4 1 1 2 5 3 5 3 1 22 "male"
"336" 2 5 1 5 1 5 1 1 4 3 5 2 5 3 2 1 4 3 3 1 1 1 4 1 1 1 5 2 4 5 1 1 19 "female"
"337" 3 1 1 3 4 5 5 1 1 1 4 3 4 3 3 4 3 1 5 3 3 1 5 3 1 3 2 5 4 5 5 1 25 "male"
"338" 2 4 3 3 4 4 3 4 3 3 3 3 4 4 1 2 2 3 2 2 3 5 5 3 1 1 4 4 2 4 4 2 19 "female"
"339" 2 4 3 2 2 5 3 3 5 3 4 4 5 5 4 3 3 3 3 3 2 1 4 3 1 5 5 3 3 5 4 5 25 "female"
"340" 3 5 3 4 2 3 4 5 3 1 3 2 5 3 2 2 3 5 4 3 5 5 2 4 3 1 4 3 3 3 3 5 25 "female"
"341" 2 5 1 2 1 5 1 2 4 3 3 4 5 3 1 2 5 1 4 2 4 4 5 5 3 2 5 2 2 4 2 3 21 "female"
"342" 5 3 4 3 2 4 3 5 3 4 4 3 5 3 3 4 2 4 4 2 2 2 3 3 1 2 3 3 3 5 1 2 20 "male"
"343" 4 2 1 4 1 2 1 2 2 1 4 2 3 1 1 1 4 3 5 3 1 1 3 4 1 2 4 1 4 5 2 2 24 "female"
"344" 3 3 2 3 1 3 2 2 2 1 1 2 2 3 2 3 2 2 3 3 1 1 2 1 2 3 4 2 4 5 3 1 30 "female"
"345" 5 2 3 1 1 4 4 1 1 1 1 5 2 1 1 3 1 1 3 1 1 1 1 5 2 1 2 3 1 3 3 3 21 "male"
"346" 1 4 2 4 2 5 5 1 4 1 1 2 2 4 2 4 2 2 3 1 4 2 5 3 1 5 3 3 4 5 1 3 27 "male"
"347" 4 1 1 4 3 5 5 3 2 1 3 3 5 1 1 5 1 1 4 1 1 1 4 5 1 1 3 5 1 5 3 1 21 "male"
"348" 2 3 1 4 3 2 3 1 1 2 2 1 4 1 1 2 3 1 3 1 5 1 2 1 1 2 2 3 4 5 3 1 16 "female"
"349" 5 5 3 4 4 3 4 2 4 2 5 3 4 2 3 1 5 5 5 3 5 2 4 2 3 2 3 4 5 5 2 5 22 "female"
"350" 5 2 3 5 5 5 4 2 5 5 5 5 3 4 2 1 4 2 3 1 1 1 1 1 1 1 2 5 2 4 1 1 19 "male"
"351" 2 4 2 1 1 4 2 1 1 1 4 1 3 2 1 1 1 1 3 1 1 1 2 1 1 1 2 2 5 5 1 1 20 "female"
"352" 2 4 1 2 2 3 4 1 1 1 3 1 3 2 1 3 2 1 3 1 1 2 2 3 2 2 1 1 3 4 5 4 23 "male"
"353" 2 2 1 2 2 4 2 1 5 1 1 4 5 2 1 1 4 5 5 1 5 1 5 3 2 1 3 3 3 5 5 5 20 "female"
"354" 5 4 5 2 3 4 2 4 3 2 4 5 5 2 4 2 3 5 5 2 2 3 1 3 2 2 4 2 3 5 1 3 20 "female"
"355" 1 1 1 1 1 5 5 1 2 1 5 5 5 1 1 4 1 5 5 3 5 1 5 1 1 1 2 1 3 4 1 1 21 "female"
"356" 4 4 4 2 2 4 3 4 3 2 4 3 5 3 4 2 5 3 4 4 1 3 1 3 1 3 4 3 5 5 4 5 19 "female"
"357" 3 3 2 1 1 2 2 1 1 1 3 2 4 2 1 1 3 5 5 3 5 1 3 1 1 1 3 4 5 5 1 1 21 "female"
"358" 1 2 1 3 3 5 3 3 1 1 3 5 3 2 1 3 5 2 5 5 2 2 1 5 1 5 5 3 1 5 4 3 16 "female"
"359" 3 1 1 4 4 5 5 3 1 1 1 1 1 1 1 5 1 1 2 1 5 1 5 5 1 1 5 5 1 5 5 5 20 "male"
"360" 5 4 5 1 1 4 2 4 2 1 3 3 5 2 5 5 2 3 4 4 5 1 1 5 1 2 5 2 4 5 1 3 18 "female"
"361" 4 4 3 1 1 3 1 1 1 1 5 2 3 1 2 1 1 3 5 1 1 1 1 2 1 1 5 1 3 4 1 5 21 "female"
"362" 4 2 2 3 2 3 2 2 2 2 2 4 2 2 2 4 2 3 4 1 1 1 5 4 1 3 2 4 2 5 5 4 21 "male"
"363" 4 5 3 3 1 5 4 4 2 1 5 4 5 1 1 1 3 3 2 1 1 5 1 1 1 1 4 5 4 5 1 3 18 "male"
"364" 1 5 1 1 1 5 1 2 5 5 5 1 5 5 3 1 1 1 3 3 1 1 5 1 1 5 5 1 4 5 5 1 19 "female"
"365" 2 2 1 5 2 4 2 5 3 3 4 3 2 1 2 2 3 3 4 4 4 2 5 2 2 2 3 2 2 5 3 3 20 "female"
"366" 4 4 4 5 3 5 5 2 3 1 2 2 2 3 2 2 4 4 4 1 1 1 3 4 1 1 1 4 3 5 4 5 18 "male"
"367" 1 2 2 1 2 3 1 4 2 1 5 2 5 1 2 1 2 3 3 1 1 1 1 3 3 3 5 3 5 3 2 5 18 "female"
"368" 3 5 2 1 2 3 2 2 4 3 3 1 2 5 4 1 3 5 2 4 2 2 3 1 1 1 1 5 4 4 1 2 23 "female"
"369" 5 3 5 1 1 5 3 1 1 1 5 5 3 2 4 1 3 3 3 1 1 1 3 1 1 2 3 2 4 5 3 2 20 "female"
"370" 5 3 3 4 4 5 5 4 4 2 5 5 3 3 3 2 5 2 4 5 1 5 5 2 3 4 4 4 5 5 2 5 18 "female"
"371" 4 4 2 1 1 5 3 3 1 1 2 2 4 2 2 5 2 1 5 5 2 2 5 5 4 5 5 5 5 5 5 5 28 "female"
"372" 3 4 2 1 1 5 5 3 3 3 5 1 5 1 3 3 5 3 5 5 1 1 1 5 4 5 5 3 5 5 3 5 21 "female"
"373" 1 2 2 1 1 1 1 1 2 1 2 1 2 1 1 1 2 1 3 1 1 1 4 1 1 1 1 1 4 5 1 1 22 "female"
"374" 3 4 1 1 1 3 2 2 1 1 5 2 4 2 1 1 5 3 4 1 1 5 1 1 1 1 2 4 5 5 1 1 19 "male"
"375" 2 3 3 2 1 5 2 3 2 1 5 3 3 2 3 1 4 2 4 4 5 2 5 3 2 5 5 2 4 4 2 5 18 "female"
"376" 4 3 2 2 2 3 2 1 3 2 5 5 5 3 2 1 2 5 5 4 2 1 1 5 3 1 4 3 3 5 4 4 19 "female"
"377" 2 1 2 5 5 5 5 3 3 3 2 3 4 2 1 5 2 2 4 1 1 1 4 1 3 2 2 5 4 5 4 3 19 "male"
"378" 5 5 4 2 3 4 5 2 3 1 4 3 5 2 2 1 3 1 4 1 5 1 4 3 1 1 1 5 3 5 1 3 20 "male"
"379" 3 2 4 5 2 5 4 5 1 1 3 4 4 1 1 1 2 1 1 1 1 1 2 1 1 3 2 4 2 5 2 1 19 "female"
"380" 5 3 2 1 5 4 2 1 5 5 3 4 4 5 3 5 3 1 4 5 1 1 4 5 1 2 4 4 3 5 4 4 18 "male"
"381" 2 2 1 1 3 3 2 1 4 4 1 1 4 5 1 1 1 1 3 2 1 1 3 2 2 3 5 2 4 5 2 5 18 "female"
"382" 2 2 1 2 3 4 3 2 5 5 2 3 2 5 1 4 2 3 3 5 1 1 2 4 1 2 4 4 2 4 1 2 19 "male"
"383" 1 5 2 1 2 4 4 3 2 1 5 2 4 2 1 1 1 2 3 1 1 4 2 1 3 4 3 5 2 4 1 4 18 "female"
"384" 4 3 2 3 1 5 3 5 1 1 2 4 5 2 2 4 1 1 3 1 1 1 5 5 1 3 3 1 1 5 2 1 19 "male"
"385" 4 4 3 1 1 4 3 3 2 1 3 4 4 2 2 3 2 1 3 4 2 1 3 3 2 4 4 3 3 5 3 3 19 "female"
"386" 1 5 2 2 2 2 2 2 5 5 5 4 1 5 1 1 1 1 4 5 1 1 2 5 1 2 3 3 3 5 2 5 19 "female"
"387" 2 2 3 3 2 3 4 2 3 3 2 3 3 2 2 2 4 3 3 2 5 2 3 4 2 4 3 4 4 5 2 5 18 "female"
"388" 5 5 5 3 2 3 1 3 2 1 5 4 5 2 4 1 1 5 3 2 1 1 4 1 1 1 3 2 3 5 4 1 18 "female"
"389" 3 5 4 4 4 4 1 2 4 3 3 3 4 4 1 2 4 2 5 3 1 2 3 4 1 1 2 3 3 5 5 1 19 "female"
"390" 4 2 3 1 1 4 1 5 1 1 4 4 4 1 4 1 1 1 4 5 1 1 4 5 3 5 5 3 2 5 3 5 20 "female"
"391" 1 4 2 3 1 5 2 5 1 1 1 3 3 1 1 3 1 1 1 1 3 1 5 3 1 1 2 2 1 5 3 2 19 "male"
"392" 5 4 5 3 3 3 3 5 5 4 5 5 5 5 4 1 5 5 4 1 4 5 1 1 3 1 1 3 5 3 1 4 26 "female"
"393" 3 3 3 4 1 2 1 5 1 1 4 1 5 1 4 3 2 1 4 1 1 1 3 1 1 3 5 3 4 5 3 4 19 "female"
"394" 3 1 2 2 1 5 2 1 5 3 5 2 2 5 2 4 1 2 1 2 1 1 5 4 4 5 3 5 1 5 1 5 22 "male"
"395" 3 3 2 2 2 3 3 2 4 3 1 1 3 5 2 2 2 2 4 4 1 1 5 5 1 1 3 4 4 4 2 3 20 "male"
"396" 1 3 2 3 1 4 3 5 3 1 4 5 5 5 3 4 5 3 5 5 1 1 5 5 2 3 5 3 4 5 4 5 28 "female"
"397" 2 2 1 2 1 3 2 2 5 5 5 3 3 5 2 2 1 2 4 3 1 1 2 1 2 2 3 3 5 5 2 3 19 "female"
"398" 3 4 3 3 1 5 2 5 2 1 3 4 5 2 5 1 3 1 4 2 5 1 4 1 2 5 5 2 2 5 4 5 21 "female"
"399" 1 3 2 2 1 4 3 2 3 2 2 2 5 3 1 2 4 3 4 4 3 2 3 5 4 4 5 2 3 4 1 3 19 "female"
"400" 5 3 5 5 4 5 5 5 4 4 2 5 2 4 4 5 1 4 2 1 1 1 5 5 1 1 1 4 2 5 4 5 22 "male"
"401" 3 5 3 5 4 5 5 3 2 1 1 2 3 2 1 5 1 3 4 2 2 2 5 3 1 1 1 4 1 5 4 2 19 "male"
"402" 5 5 1 1 1 5 5 5 5 5 5 5 5 5 5 5 5 5 5 5 5 1 1 1 1 1 5 1 5 5 1 1 18 "female"
"403" 2 2 1 1 1 3 1 1 4 2 3 4 5 5 1 1 5 4 4 2 4 1 4 1 1 1 3 3 5 5 5 2 19 "female"
"404" 4 1 5 1 1 5 4 3 1 1 3 5 5 1 3 4 1 5 1 1 1 1 5 5 1 1 1 3 1 5 5 5 22 "male"
"405" 3 3 4 3 2 4 3 4 2 2 3 4 4 3 3 4 3 3 4 3 2 3 3 3 3 3 4 4 4 4 4 3 29 "male"
"406" 1 3 1 3 1 4 2 2 4 2 3 2 4 2 1 1 4 5 5 1 1 1 3 1 3 1 5 1 3 5 1 4 18 "female"
"407" 2 3 1 1 1 4 4 4 2 1 1 5 5 2 2 3 2 3 5 1 1 1 4 1 1 3 5 3 2 2 2 1 22 "female"
"408" 5 2 3 2 2 5 4 3 3 1 5 5 5 2 3 1 2 1 4 2 1 1 1 3 1 2 3 4 4 4 2 1 17 "female"
"409" 1 1 2 1 1 4 4 4 1 1 1 1 4 1 4 5 1 1 3 1 1 1 1 5 2 5 4 4 1 5 5 1 19 "male"
"410" 1 2 3 3 1 4 1 5 1 1 1 1 3 1 2 1 1 1 2 1 1 1 2 2 1 2 3 1 2 4 1 1 20 "female"
"411" 3 2 4 4 2 4 3 5 1 1 2 3 4 2 2 3 1 4 3 1 1 1 2 4 2 3 4 4 2 4 2 4 18 "female"
"412" 3 2 2 3 2 5 5 3 1 1 2 4 4 3 2 3 1 3 5 3 1 1 3 3 1 3 2 5 2 5 3 1 22 "male"
"413" 4 3 2 2 1 5 4 2 2 1 3 4 3 2 1 4 2 4 3 1 3 1 4 1 2 3 3 2 5 5 3 2 19 "female"
"414" 3 3 2 3 4 4 4 3 4 4 2 3 2 2 2 5 1 1 4 1 1 1 2 5 1 1 3 5 1 5 5 1 20 "male"
"415" 2 1 1 5 4 3 1 2 4 2 1 4 1 2 1 2 1 1 3 1 1 3 5 2 1 1 1 2 1 2 2 2 25 "male"
"416" 5 3 2 2 2 3 3 2 5 5 5 3 3 5 2 4 3 3 4 1 4 3 1 1 1 1 1 1 2 3 1 5 29 "male"
"417" 4 5 3 3 2 4 2 2 3 2 5 3 3 2 3 1 2 2 4 2 5 3 3 3 1 4 2 2 3 5 2 5 18 "female"
"418" 2 3 3 1 2 4 2 1 4 4 3 3 4 5 2 2 2 2 3 2 4 1 3 2 3 2 3 4 3 5 2 5 20 "female"
"419" 3 2 3 3 2 4 4 2 5 4 4 3 5 4 2 3 4 2 4 4 3 1 5 3 4 2 5 4 5 5 3 5 21 "female"
"420" 4 2 4 4 2 4 4 4 3 2 3 2 1 2 3 2 2 1 2 1 1 2 3 3 1 2 1 3 2 4 2 5 22 "male"
"421" 1 1 1 1 1 5 3 3 4 1 1 3 5 1 2 1 1 3 5 1 1 1 3 1 1 4 2 4 1 3 1 1 19 "female"
"422" 4 5 4 3 2 3 3 4 2 2 4 2 5 3 5 1 5 2 3 4 1 1 3 4 1 5 4 3 5 4 1 1 28 "female"
"423" 1 5 2 1 3 5 5 2 5 3 1 2 3 5 4 5 2 5 5 5 2 1 5 5 1 5 5 5 1 5 4 1 19 "female"
"424" 5 2 5 3 4 4 4 3 2 2 5 4 5 3 5 4 3 1 5 1 4 2 3 5 1 1 2 5 4 4 3 3 22 "male"
"425" 5 4 5 1 1 4 1 2 3 1 5 5 5 3 4 1 1 2 2 3 1 3 5 5 1 3 5 5 3 5 5 2 20 "female"
"426" 1 5 1 1 1 5 1 5 1 1 1 1 4 3 3 1 1 3 2 4 1 1 5 5 1 4 5 1 1 4 1 1 16 "female"
"427" 2 3 2 2 1 3 3 2 5 2 2 3 4 5 1 1 2 2 3 5 3 1 1 5 1 3 3 3 3 4 2 2 19 "female"
"428" 5 5 2 3 2 4 3 1 5 2 5 5 5 4 1 1 4 4 4 5 4 5 1 2 2 4 2 2 5 5 3 5 20 "female"
"429" 3 1 3 2 2 5 3 2 1 1 1 2 2 1 1 5 1 1 3 2 1 1 5 3 2 2 2 5 2 5 4 5 21 "male"
"430" 2 4 2 4 3 4 2 4 3 2 3 3 4 4 3 2 4 2 4 1 1 1 3 3 2 3 4 2 3 5 4 1 19 "female"
"431" 2 2 2 2 1 3 3 4 4 2 4 3 4 3 2 1 3 2 3 3 3 1 5 1 5 4 5 3 3 5 4 4 20 "female"
"432" 3 3 4 3 3 3 2 4 3 3 3 4 2 3 2 2 1 3 5 2 2 1 1 1 3 2 4 2 1 4 2 2 25 "female"
"433" 3 5 3 1 1 3 2 3 2 1 3 2 3 1 1 1 5 3 2 3 5 3 4 4 1 1 3 3 5 5 3 1 20 "female"
"434" 4 4 3 1 1 5 1 1 1 1 5 3 5 4 3 2 2 3 5 4 4 1 5 1 3 1 2 2 3 5 1 5 19 "female"
"435" 4 4 3 3 4 4 4 2 5 5 5 3 4 4 1 2 3 5 4 4 5 2 5 1 2 3 4 3 3 5 2 5 19 "female"
"436" 3 2 2 4 1 4 2 5 2 2 4 2 5 2 2 2 2 4 4 3 5 1 3 5 1 2 3 2 2 5 4 1 21 "female"
"437" 2 1 4 3 1 5 5 4 1 1 1 1 4 1 2 5 1 1 2 1 3 1 2 3 1 1 4 5 1 5 3 1 22 "male"
"438" 4 4 1 5 5 5 5 1 5 2 1 5 4 4 1 1 3 5 5 1 5 1 1 1 1 3 3 5 2 3 3 3 28 "female"
"439" 3 3 3 5 1 5 3 1 1 5 3 5 4 3 1 5 4 1 5 5 3 1 5 3 5 5 5 5 1 5 5 5 21 "female"
"440" 2 3 2 3 4 4 3 3 2 4 2 2 2 2 2 3 2 1 2 2 1 1 4 5 1 3 2 4 1 5 3 1 20 "male"
"441" 2 3 3 2 3 5 5 3 2 1 1 2 2 3 1 2 1 1 1 1 1 1 5 5 1 1 3 4 1 5 5 4 19 "male"
"442" 3 4 2 2 2 3 2 1 4 5 2 4 2 3 1 2 3 2 4 5 5 1 2 5 3 2 2 4 4 4 5 3 21 "female"
"443" 5 1 1 1 1 5 5 4 1 1 4 5 5 5 4 1 1 1 4 5 5 1 4 5 1 1 5 1 1 5 5 4 16 "female"
"444" 3 4 2 3 5 3 5 3 3 1 3 3 4 2 3 5 3 1 5 5 1 1 5 5 1 1 3 5 5 5 5 5 22 "male"
"445" 2 3 1 4 5 4 5 3 3 3 2 3 5 3 2 5 3 1 5 1 2 1 2 4 1 1 3 5 4 5 5 4 19 "male"
"446" 1 1 5 1 1 4 3 1 1 1 5 5 5 1 5 3 3 3 5 5 5 5 1 1 3 5 5 5 2 4 1 1 22 "female"
"447" 2 1 4 5 3 5 5 2 1 1 3 2 3 2 1 4 2 1 2 2 1 1 5 5 3 3 2 4 3 5 5 4 20 "male"
"448" 3 2 1 1 1 4 3 1 1 1 2 2 3 1 3 3 2 2 4 1 5 2 2 1 1 3 3 2 3 4 1 2 22 "male"
"449" 3 4 3 4 1 5 4 2 1 1 1 2 4 1 1 3 4 4 5 1 2 1 5 1 3 3 5 2 4 5 3 1 19 "male"
"450" 3 4 3 1 2 3 1 1 5 5 5 2 4 5 1 1 2 3 4 4 1 1 3 5 1 3 4 2 2 5 1 5 18 "female"
"451" 4 2 2 2 2 4 3 2 1 2 1 3 4 2 3 3 5 1 3 1 1 1 3 5 5 1 2 2 1 5 4 2 19 "male"
"452" 4 3 3 3 2 5 3 2 2 2 3 3 5 3 3 2 3 3 4 4 1 1 4 4 3 3 5 3 3 5 3 3 23 "female"
"453" 3 4 1 1 1 5 2 1 4 4 2 1 3 4 3 2 3 3 4 3 5 3 3 1 1 4 5 3 3 5 2 4 20 "female"
"454" 2 3 4 1 1 4 2 3 2 1 3 4 4 2 3 2 2 2 4 3 1 1 3 4 1 2 4 3 4 5 4 5 18 "female"
"455" 3 4 1 3 2 5 2 1 5 4 3 4 3 5 1 1 3 3 5 2 1 1 5 1 1 5 3 1 4 5 5 5 19 "female"
"456" 2 2 3 5 5 5 4 4 2 2 3 4 4 2 3 2 4 3 4 4 4 3 4 5 2 2 3 3 4 3 4 5 23 "female"
"457" 2 3 2 5 5 5 4 2 1 1 1 2 3 3 3 5 1 3 2 1 1 1 5 5 1 1 1 5 1 5 4 1 20 "male"
"458" 5 3 5 1 1 5 2 2 3 1 1 3 4 2 5 2 1 1 1 1 1 1 5 1 1 2 2 2 1 4 1 3 20 "male"
"459" 5 5 2 3 4 5 2 4 3 3 2 4 4 4 3 1 3 5 4 5 2 1 1 1 1 2 2 4 3 3 4 2 28 "female"
"460" 5 5 5 3 4 5 5 5 2 2 1 5 4 1 2 3 4 4 5 2 1 2 5 3 2 1 2 4 1 5 3 1 22 "male"
"461" 5 3 3 1 1 5 2 3 1 1 4 4 5 1 2 1 3 1 4 5 2 3 5 3 2 3 5 3 5 5 3 1 19 "female"
"462" 3 4 2 3 2 5 4 3 3 2 4 3 5 2 2 3 2 2 4 2 2 2 5 5 1 1 3 4 4 5 5 1 21 "male"
"463" 3 3 2 1 1 3 2 3 1 1 4 2 3 3 1 1 1 1 4 2 2 1 3 1 1 2 4 4 4 3 2 5 21 "female"
"464" 3 5 4 3 2 5 1 5 3 2 1 3 4 2 1 5 3 5 5 3 3 4 4 4 3 3 5 5 2 5 5 5 17 "male"
"465" 3 5 3 1 1 5 2 1 1 1 1 2 5 1 5 5 2 2 1 1 3 1 5 5 1 5 5 1 2 5 5 5 19 "female"
"466" 4 5 5 2 4 5 3 3 2 2 1 5 5 3 3 4 2 3 5 1 4 1 5 4 1 1 3 5 5 5 5 1 25 "male"
"467" 4 2 2 1 1 4 4 2 5 5 2 4 2 5 3 2 2 3 3 1 1 1 3 1 2 3 4 2 2 5 2 5 20 "female"
"468" 5 4 5 1 5 5 5 2 4 4 2 4 4 5 5 3 4 2 1 1 5 4 3 4 2 3 5 5 4 3 4 1 26 "male"
"469" 3 4 3 3 5 5 5 1 5 3 4 1 2 5 1 5 4 4 5 1 5 4 5 3 3 3 4 5 5 5 5 5 21 "male"
"470" 2 2 2 1 1 4 3 2 5 5 3 1 3 3 1 2 1 2 2 2 1 1 2 1 2 3 5 3 2 5 3 3 20 "female"
"471" 4 4 4 2 2 5 5 4 1 1 2 3 4 2 2 4 4 3 4 4 5 2 4 5 2 4 4 4 4 5 3 2 29 ""
"472" 3 1 2 1 1 3 1 1 5 5 3 3 2 5 1 2 3 1 3 1 1 1 1 3 3 1 4 5 4 5 4 5 21 "male"
"473" 3 3 1 1 1 5 3 2 2 1 1 1 1 1 1 5 3 1 3 2 1 2 3 3 1 2 5 5 5 5 5 1 20 "male"
"474" 3 2 3 4 4 5 5 3 2 2 2 4 5 3 2 5 5 4 5 3 5 2 5 5 3 1 3 5 5 5 5 2 27 "male"
"475" 5 3 5 1 1 3 3 1 2 1 5 5 5 2 2 1 4 4 3 1 5 4 5 5 2 1 1 2 5 5 5 4 21 "male"
"476" 2 5 2 1 1 3 1 1 4 1 1 1 3 3 2 2 1 2 3 1 1 1 3 2 2 3 3 2 2 4 1 3 20 "female"
"477" 3 4 4 3 1 4 2 2 3 1 5 2 5 2 3 1 3 3 5 5 5 3 4 2 2 2 4 3 1 4 3 5 17 "female"
"478" 4 3 1 3 1 3 2 2 3 2 3 2 4 1 1 1 2 5 5 1 5 1 5 3 3 4 3 2 1 5 1 1 16 "female"
"479" 4 5 5 3 1 5 2 2 4 1 5 2 5 3 5 2 5 4 4 5 5 5 5 4 2 5 5 3 5 5 3 5 19 "female"
"480" 2 4 4 3 1 3 2 3 2 2 1 2 4 2 4 3 1 3 4 5 4 2 4 3 1 1 5 2 3 5 5 5 18 "female"
"481" 2 5 3 5 3 4 4 4 3 2 2 3 3 3 3 5 3 4 5 4 3 2 4 5 2 3 3 4 2 4 3 3 19 "male"
"482" 1 2 1 1 1 4 1 4 1 1 3 4 4 1 1 1 3 2 5 2 1 1 3 2 2 5 5 1 1 5 2 3 21 "female"
"483" 2 1 1 1 1 3 2 4 1 1 2 2 4 1 1 1 1 1 4 2 1 2 4 4 1 3 5 1 1 5 2 2 16 "female"
"484" 5 4 1 1 1 5 4 3 2 1 3 4 5 1 2 1 3 1 4 3 3 4 3 1 1 1 5 3 4 5 5 5 20 "female"
"485" 3 3 2 2 2 4 2 2 3 2 4 2 4 2 2 2 5 3 4 2 1 4 2 3 1 2 4 2 5 5 1 4 19 "female"
"486" 1 1 1 1 1 5 2 2 1 1 1 5 2 1 1 2 1 1 4 2 1 1 3 2 1 4 3 1 3 5 1 2 20 "female"
"487" 4 4 4 2 3 4 4 2 3 1 3 5 4 2 2 2 3 4 5 2 3 2 5 5 3 2 2 3 4 4 2 3 20 "male"
"488" 3 1 2 1 3 5 5 3 2 2 1 4 3 1 2 5 2 1 5 3 3 1 5 5 2 3 3 2 3 5 5 3 18 "male"
"489" 5 2 1 1 2 5 3 3 3 3 1 4 5 3 4 4 2 1 4 2 1 1 5 5 1 4 5 4 2 4 4 4 20 "male"
"490" 3 1 5 2 2 3 3 5 1 1 1 1 5 1 1 4 1 1 1 1 1 1 3 5 1 1 3 5 1 5 5 3 20 "male"
"491" 4 4 2 3 1 5 2 3 1 1 5 1 2 1 1 1 3 3 4 5 5 3 5 1 3 2 1 2 5 4 1 4 19 "female"
"492" 1 1 1 1 1 5 4 3 2 1 2 5 5 2 1 2 1 1 5 4 2 1 5 2 2 5 5 1 1 5 2 1 23 "female"
"493" 4 5 4 3 4 4 3 2 3 2 2 3 4 3 5 2 2 2 3 4 5 2 5 5 3 2 4 2 3 5 3 5 20 "female"
"494" 4 3 2 1 1 5 3 2 2 1 1 4 5 1 1 5 1 1 5 1 2 1 5 5 1 3 5 4 3 4 4 3 23 "male"
"495" 1 2 1 4 3 5 5 3 4 3 4 5 5 3 4 5 2 3 4 3 2 2 3 5 1 1 3 1 2 5 5 4 19 "male"
"496" 3 1 1 1 3 5 3 1 1 3 1 5 5 1 1 2 1 3 4 1 1 1 5 5 1 2 5 3 1 5 5 4 17 "male"
"497" 3 3 2 1 1 3 3 3 5 5 1 3 5 4 1 4 1 1 3 3 1 1 5 5 3 3 4 4 2 5 4 4 20 "female"
"498" 2 5 2 2 3 3 2 1 4 4 5 3 4 5 3 3 4 2 5 4 3 3 3 5 3 2 2 5 5 5 5 4 21 "female"
"499" 3 2 2 3 3 5 5 3 3 2 1 4 3 2 3 5 3 1 4 2 1 1 5 5 1 2 3 5 5 5 5 4 21 "male"
"500" 3 4 4 4 3 5 2 2 2 2 3 2 3 3 2 2 2 1 1 4 4 1 3 3 1 2 5 2 3 5 5 5 19 "female"
"501" 2 2 1 1 1 5 3 2 5 5 5 2 5 4 1 1 1 1 5 3 2 5 5 1 2 4 4 5 4 4 3 5 20 "female"
"502" 5 5 2 5 4 5 5 1 2 2 2 2 3 1 2 5 1 1 2 1 2 1 5 5 1 4 2 4 2 5 1 2 19 "male"
"503" 1 4 2 3 1 5 3 3 2 2 2 2 2 1 3 2 2 1 3 2 1 1 5 4 2 3 5 3 4 5 3 5 22 "female"
"504" 5 4 4 3 2 3 2 3 2 2 4 5 5 2 2 1 1 2 5 2 1 2 5 2 1 1 2 3 2 5 3 1 22 "male"
"505" 5 5 5 2 2 5 5 4 1 1 3 2 3 1 5 3 1 3 3 3 3 5 4 3 2 1 1 5 3 4 3 4 22 "male"
"506" 3 2 2 2 2 3 3 3 3 1 1 2 2 1 1 1 1 1 3 1 1 1 3 1 2 2 2 3 2 3 1 5 28 "female"
"507" 2 2 2 1 1 3 3 4 2 1 1 1 3 1 1 1 1 1 1 1 3 1 2 5 1 3 3 3 1 5 1 3 21 "male"
"508" 4 2 5 1 1 5 5 1 1 3 5 5 5 1 3 1 1 5 4 1 5 5 1 5 1 3 5 5 2 5 3 4 21 "male"
"509" 4 3 1 1 2 3 2 1 2 3 1 2 4 2 3 3 1 1 5 1 2 1 2 5 2 2 3 2 2 5 5 5 17 "female"
"510" 3 3 2 1 1 5 2 3 2 1 4 5 2 2 2 2 2 1 5 5 3 1 2 5 4 3 5 1 5 5 3 3 21 "female"
"511" 5 4 3 1 1 4 3 5 3 1 4 3 4 3 4 3 5 1 5 3 4 3 3 5 2 1 4 4 5 5 5 4 17 "female"
"512" 4 4 3 5 5 4 4 4 4 4 4 2 4 2 3 3 4 3 4 5 1 1 2 4 2 1 2 5 3 5 3 4 28 "male"
"513" 3 5 4 1 2 3 1 5 2 2 3 5 5 3 4 4 3 2 5 5 2 4 3 5 1 2 4 4 5 3 4 3 20 "female"
"514" 3 5 5 1 1 4 3 5 3 1 1 3 5 5 3 5 3 1 4 5 1 1 1 1 1 4 5 5 5 5 3 5 19 "female"
"515" 2 4 1 1 2 1 1 1 5 5 4 3 3 5 1 2 2 1 5 3 3 1 5 2 2 1 2 3 3 5 3 5 21 "female"
"516" 5 4 2 2 2 4 3 1 2 2 5 3 5 1 1 2 4 2 4 1 5 1 1 3 1 1 3 3 4 5 4 1 23 "male"
"517" 4 5 1 1 1 1 2 1 3 1 4 3 4 5 1 2 1 5 5 1 1 3 2 4 1 1 1 1 1 3 5 5 17 "male"
"518" 2 4 1 1 2 5 5 2 2 2 1 5 1 1 2 2 2 1 5 1 1 1 3 2 2 1 1 4 1 4 4 4 20 "male"
"519" 2 2 2 2 2 5 5 2 2 2 2 2 2 2 2 4 2 2 5 2 2 1 5 5 2 2 2 2 2 5 5 2 19 "male"
"520" 3 2 1 2 2 4 5 3 3 1 1 2 3 1 1 3 2 1 5 3 2 1 5 3 2 3 2 5 3 4 2 5 19 "male"
"521" 4 3 3 4 2 4 4 5 2 2 1 3 3 2 2 4 2 3 4 3 2 2 5 4 1 3 3 2 2 5 4 2 19 "male"
"522" 2 5 3 1 1 5 1 2 4 2 5 3 2 2 2 3 3 1 2 3 1 1 5 3 2 5 3 2 4 5 2 5 18 "female"
"523" 3 3 1 2 1 4 1 1 3 2 3 3 5 3 1 1 4 5 5 5 5 1 2 2 2 1 3 1 4 5 1 5 19 "female"
"524" 4 4 3 2 3 3 1 4 2 2 1 3 3 1 2 3 2 3 4 3 1 1 5 5 1 2 2 4 1 5 4 3 22 "male"
"525" 3 2 2 2 1 5 2 5 2 1 1 4 4 1 2 2 3 2 4 3 1 1 3 5 2 4 4 4 2 5 3 3 21 "female"
"526" 5 5 1 1 1 5 3 3 2 1 5 1 3 3 3 4 5 3 3 4 2 3 5 5 1 3 5 4 3 5 3 5 21 "female"
"527" 3 2 2 2 5 3 1 1 3 1 1 5 1 1 1 5 3 1 5 1 5 1 5 5 3 2 3 5 5 4 3 5 21 "male"
"528" 4 3 5 1 2 2 2 2 5 5 5 2 3 5 1 2 1 3 1 2 1 1 2 2 1 1 5 5 3 5 1 5 19 "female"
"529" 5 5 5 5 5 4 2 4 2 4 2 4 2 4 2 4 2 4 2 4 2 4 3 3 3 3 4 2 2 4 2 4 25 "male"
"530" 5 5 2 5 2 5 5 4 1 1 4 2 4 1 1 3 3 5 4 1 3 1 3 5 1 1 4 5 3 4 4 3 18 "male"
"531" 2 2 3 2 2 5 5 2 5 5 2 1 5 5 1 2 1 1 1 1 4 1 2 3 1 4 2 4 1 5 1 1 20 "male"
"532" 3 5 3 3 1 5 3 5 5 1 2 1 4 2 3 3 1 1 3 3 1 1 4 1 1 4 5 4 3 5 3 5 18 "female"
"533" 4 3 4 3 4 5 5 3 2 2 2 2 3 2 2 3 2 1 2 1 5 1 2 2 1 3 3 2 2 4 1 2 23 "male"
"534" 4 5 2 1 1 4 3 2 2 1 4 2 3 1 2 3 4 1 2 2 4 2 5 3 1 2 4 2 3 5 3 5 18 "female"
"535" 3 5 4 1 1 3 1 1 3 1 4 3 4 1 1 3 4 1 5 3 1 1 2 5 5 2 5 5 4 5 3 5 22 "female"
"536" 2 4 2 2 3 2 1 1 2 2 3 3 5 3 1 2 2 5 4 1 5 3 5 2 2 1 2 4 3 4 2 2 20 "male"
"537" 4 4 2 3 4 5 5 1 5 5 1 4 2 5 2 5 1 1 1 1 2 1 5 4 1 1 2 5 1 5 3 4 19 "male"
"538" 5 1 5 1 1 5 5 4 2 2 5 5 5 2 2 5 2 2 5 1 5 1 5 1 1 4 3 3 5 5 5 1 23 "female"
"539" 3 2 2 5 5 5 4 2 3 2 1 5 4 2 3 4 1 1 2 1 1 1 2 1 1 1 1 5 1 5 3 1 27 "male"
"540" 4 3 3 1 1 4 2 1 1 1 5 5 5 1 1 4 3 1 2 1 1 4 3 3 1 1 1 4 3 5 4 2 20 "male"
"541" 2 3 3 1 1 5 3 4 1 1 4 3 5 1 4 2 3 1 3 3 2 1 5 5 1 1 3 2 4 5 4 5 18 "female"
"542" 5 2 1 1 1 4 3 3 2 2 1 2 1 1 2 3 2 1 5 1 1 1 3 1 3 2 2 3 1 5 3 3 21 "male"
"543" 2 3 3 3 1 5 4 2 1 1 1 4 5 2 2 2 1 4 2 5 5 1 5 5 2 3 4 3 2 5 2 5 19 "female"
"544" 2 4 2 2 2 4 4 4 4 2 3 3 3 2 2 4 2 2 4 2 2 1 4 3 4 4 4 2 2 4 4 4 22 "female"
"545" 3 3 3 3 1 5 4 3 4 4 2 3 3 3 2 1 2 2 4 2 3 1 2 3 2 4 4 2 2 5 2 1 20 "female"
"546" 2 4 2 4 4 4 4 3 3 3 1 2 3 2 2 3 1 1 1 1 3 1 5 5 1 1 2 4 1 4 5 4 19 "male"
"547" 2 1 4 1 1 4 1 3 2 1 2 5 5 1 3 1 5 1 5 3 1 1 5 1 1 3 5 1 5 5 4 5 20 "female"
"548" 3 4 1 3 1 5 5 4 3 1 1 4 4 1 2 4 1 3 3 4 4 1 5 5 2 2 5 2 3 5 3 1 19 "female"
"549" 3 3 3 4 3 4 4 3 2 2 5 3 5 5 3 2 3 5 5 5 5 5 1 4 3 2 4 3 5 5 2 5 18 "female"
"550" 4 4 2 3 3 4 3 2 3 3 2 3 1 4 3 3 2 2 3 1 1 1 5 5 1 2 2 2 2 3 5 4 17 "male"
"551" 1 1 1 1 1 4 4 1 1 1 1 5 1 1 1 5 2 2 3 2 3 1 3 5 1 1 3 4 3 5 3 3 21 "male"
"552" 3 3 2 2 2 4 1 1 3 2 4 3 4 2 1 1 4 4 4 5 3 2 4 4 2 3 5 3 5 5 3 2 19 "female"
"553" 4 3 3 1 3 3 3 1 4 4 4 5 5 5 2 1 2 2 3 5 1 1 1 3 1 2 2 4 3 3 1 2 25 "female"
"554" 4 3 2 1 1 5 2 2 5 3 3 4 4 4 3 1 2 2 5 1 1 1 3 4 3 3 3 3 3 4 1 5 21 "female"
"555" 2 1 1 3 1 5 5 1 2 1 5 2 4 2 1 4 1 1 4 1 5 1 2 4 1 1 1 4 1 2 2 1 18 "male"
"556" 4 5 3 3 3 4 3 5 4 1 4 5 5 5 1 2 2 2 3 3 1 1 4 5 2 5 5 3 2 5 5 4 21 "female"
"557" 2 2 2 2 2 5 3 1 2 2 1 1 2 1 1 3 1 1 3 1 2 1 3 2 1 1 2 2 1 5 2 3 17 "male"
"558" 3 1 2 4 5 4 3 1 5 5 5 3 1 5 1 2 4 1 5 2 3 1 4 4 4 2 5 5 5 5 1 5 22 "male"
"559" 4 4 4 2 2 4 2 3 2 2 5 4 5 2 2 2 4 3 5 5 3 1 3 5 2 2 2 3 5 5 4 5 18 "female"
"560" 5 2 5 3 4 5 4 2 4 2 4 5 2 2 3 5 4 3 5 2 2 2 5 5 5 4 4 5 3 5 3 5 23 "male"
"561" 2 2 2 1 1 4 4 3 1 1 1 1 3 1 1 2 1 1 2 1 1 1 3 5 1 2 2 3 1 5 1 1 22 "male"
"562" 5 4 1 1 1 5 3 1 5 1 5 3 3 1 1 3 1 3 5 3 1 1 4 1 3 3 5 1 1 5 4 5 21 "female"
"563" 2 2 1 2 1 4 3 2 4 4 5 1 3 5 2 2 2 2 5 5 4 1 4 4 1 1 3 2 5 5 3 2 23 "female"
"564" 3 4 2 1 1 4 3 3 3 4 3 4 5 2 3 2 2 1 4 5 4 3 3 2 1 4 4 3 4 5 4 5 17 "female"
"565" 3 3 1 4 4 5 5 1 2 1 1 2 2 2 1 4 4 1 4 3 1 1 3 5 1 2 3 1 1 4 4 5 20 "male"
"566" 3 2 4 4 2 5 5 1 1 1 3 3 3 1 1 3 1 1 2 1 1 1 2 1 1 1 1 5 1 4 1 1 21 "male"
"567" 3 2 3 1 1 4 1 2 1 1 5 4 5 4 4 2 1 4 5 3 1 1 4 1 1 2 3 5 3 5 2 5 22 "female"
"568" 4 2 4 3 2 4 2 4 3 2 1 5 2 3 3 5 2 3 4 2 1 1 5 4 2 3 3 4 2 3 2 4 24 "male"
"569" 1 2 1 3 1 3 2 3 3 3 4 3 5 3 1 1 3 1 3 1 3 1 3 3 1 1 3 2 3 4 2 1 19 "female"
"570" 5 5 5 5 5 4 5 4 5 5 5 5 5 5 3 3 5 3 5 5 4 4 5 5 3 2 5 4 4 5 5 5 18 "female"
"571" 1 5 1 1 1 5 2 3 1 1 1 1 4 3 1 1 3 1 5 1 1 2 4 1 2 1 5 4 4 5 3 3 24 "female"
"572" 1 3 3 5 3 5 5 4 1 1 1 1 3 1 4 4 2 1 5 4 4 1 5 5 1 1 2 4 1 5 5 4 22 "male"
"573" 2 2 4 3 3 5 2 5 2 2 2 1 4 2 3 1 3 1 5 3 5 3 5 1 2 1 2 1 2 5 1 2 20 "male"
"574" 5 4 2 2 1 3 2 2 2 1 4 4 5 3 2 1 4 2 5 2 1 4 3 2 1 4 3 2 3 5 3 1 20 "female"
"575" 4 4 1 2 2 4 2 3 2 1 4 3 3 3 2 3 3 1 3 2 1 4 4 2 2 3 4 2 3 4 2 4 19 "female"
"576" 3 2 1 4 2 4 3 4 2 1 3 1 4 3 1 3 2 4 4 2 1 1 3 1 1 2 4 3 4 5 2 5 21 "female"
"577" 4 3 2 3 3 3 3 1 2 2 4 4 2 2 1 1 4 3 4 3 3 3 4 4 4 1 2 3 4 5 4 1 25 "male"
"578" 3 2 2 1 1 5 2 3 4 2 4 5 4 5 1 3 2 3 5 5 1 2 4 4 4 3 4 4 3 4 2 2 28 "female"
"579" 4 4 4 1 1 5 4 1 2 1 3 3 4 1 2 2 5 1 5 2 2 1 4 3 2 1 3 4 5 5 5 5 20 "female"
"580" 3 4 3 1 1 3 3 1 1 1 4 3 5 1 1 1 5 1 5 1 3 4 5 3 1 1 1 3 4 5 5 5 20 "female"
"581" 5 4 4 2 2 5 4 2 2 1 2 2 3 2 2 2 3 5 5 2 3 1 5 3 4 1 1 3 3 5 4 4 23 "male"
"582" 4 4 2 2 2 4 3 2 4 2 2 4 4 2 2 4 4 2 4 2 2 2 4 4 2 2 4 3 2 4 3 3 21 "male"
"583" 3 4 3 2 2 3 3 3 2 2 4 3 4 2 3 3 2 2 4 4 1 1 2 3 2 2 3 3 2 4 3 4 23 "female"
"584" 3 4 3 3 3 4 4 3 3 3 2 3 4 3 3 4 4 2 5 5 4 1 2 4 2 4 4 3 4 5 2 5 22 "female"
"585" 3 2 3 1 1 4 2 2 2 2 3 1 4 3 3 3 4 1 4 2 1 1 4 4 1 3 4 3 5 4 1 5 28 "female"
"586" 3 5 2 1 1 5 3 1 2 2 5 2 4 2 2 1 3 1 3 1 1 2 4 2 3 4 3 2 3 4 1 5 22 "female"
"587" 1 2 4 3 3 4 5 5 2 2 3 3 3 1 3 3 1 1 4 1 1 1 5 5 1 1 2 4 3 5 4 3 18 "male"
"588" 3 3 2 2 2 5 3 2 2 2 5 2 1 2 2 2 3 2 4 5 2 3 3 1 3 4 5 2 5 5 2 2 25 "female"
"589" 3 1 1 1 1 5 1 1 1 1 1 3 4 1 5 2 3 1 4 1 1 1 5 5 2 4 3 3 5 5 2 3 20 "female"
"590" 5 3 1 2 2 5 5 1 3 2 4 4 4 3 2 2 5 2 5 2 1 1 5 4 2 1 1 5 5 5 5 5 23 "female"
"591" 3 4 2 1 1 5 4 1 2 1 5 5 5 3 1 1 5 4 5 2 4 3 1 5 3 2 3 3 3 5 2 5 21 "female"
"592" 4 4 1 3 2 5 3 3 5 4 5 5 4 5 3 4 2 1 5 5 1 1 3 5 1 2 3 4 3 5 5 5 25 "female"
"593" 3 4 1 2 4 5 4 3 5 3 5 5 5 5 3 4 4 3 5 3 1 1 1 5 4 1 3 5 5 5 3 3 28 "female"
"594" 3 3 2 4 2 4 4 2 2 1 3 4 3 2 2 4 2 4 4 1 1 1 4 1 1 2 3 4 3 4 3 5 19 "male"
"595" 4 4 1 1 1 4 4 2 5 3 5 5 3 5 4 3 1 4 5 3 3 1 3 3 5 3 3 3 3 5 1 5 30 "female"
"596" 2 1 1 3 1 5 5 3 4 1 2 3 3 3 2 3 3 4 5 4 3 2 5 4 5 4 5 1 2 4 1 3 28 "female"
"597" 3 3 3 2 1 4 3 2 3 2 4 3 4 5 4 3 4 2 3 4 5 4 3 3 2 4 4 4 3 4 3 5 19 "female"
"598" 3 3 3 3 3 3 3 3 3 3 3 3 3 3 3 3 3 3 3 3 3 3 3 3 3 3 3 3 3 3 3 3 21 "male"
"599" 3 2 3 1 3 5 5 3 1 2 3 4 5 1 2 5 4 1 4 3 3 2 5 5 1 2 4 5 4 5 5 2 19 "male"
"600" 3 5 1 3 1 5 5 1 5 3 5 3 3 3 1 1 3 3 3 2 1 3 3 3 1 3 5 1 3 3 1 1 18 "female"
"601" 5 3 3 3 1 4 3 5 2 5 3 4 5 2 4 5 4 2 2 3 2 1 3 3 1 3 4 2 2 4 2 5 18 "male"
"602" 4 4 3 3 2 4 4 4 3 2 5 5 5 3 2 5 3 1 4 3 3 2 5 5 2 2 2 4 4 4 2 2 18 "male"
"603" 3 2 1 1 1 4 3 1 1 1 4 3 5 1 1 5 2 1 3 4 1 1 1 4 1 2 4 2 2 5 4 3 17 "female"
"604" 5 5 5 3 3 5 4 3 3 1 5 5 4 4 2 2 4 4 4 2 5 5 5 4 1 2 3 4 3 5 2 3 21 "male"
"605" 5 5 5 5 3 5 5 3 2 2 2 4 5 1 3 4 3 5 4 3 5 1 4 5 1 2 2 5 2 5 3 1 21 "male"
"606" 4 5 2 2 2 4 2 3 2 1 4 1 4 2 3 2 4 1 4 4 1 1 3 4 1 3 3 2 5 5 3 5 23 "female"
"607" 3 3 2 2 1 3 2 3 2 1 1 4 5 3 3 1 1 3 5 5 2 3 2 3 1 1 2 2 4 5 1 3 18 "female"
"608" 2 1 2 4 1 4 3 5 2 1 5 4 5 1 3 2 2 2 3 1 1 4 4 1 2 3 3 1 2 3 1 1 20 "female"
"609" 3 5 3 1 2 5 3 2 4 3 2 2 5 3 2 1 2 2 5 5 1 2 2 5 3 5 5 1 3 5 4 2 19 "female"
"610" 2 3 2 1 1 4 2 1 2 1 1 5 4 3 1 2 2 2 3 5 2 1 4 5 5 4 4 2 3 5 2 1 20 "female"
"611" 3 3 1 1 1 5 2 2 1 1 5 1 2 1 1 5 1 3 3 1 1 1 2 1 4 2 2 1 1 4 1 5 26 "female"
"612" 5 5 3 3 3 5 3 1 4 3 3 4 3 5 1 2 2 2 5 3 1 2 1 5 2 1 2 3 3 3 5 5 21 "female"
"613" 5 5 5 5 5 5 5 3 2 2 3 5 3 3 1 5 2 5 3 3 4 2 3 1 1 1 1 5 5 5 2 2 19 "male"
"614" 3 2 2 1 1 5 5 3 3 3 2 5 3 3 3 3 2 2 4 1 4 1 5 5 3 3 2 3 2 5 5 5 23 "male"
"615" 2 4 1 1 1 4 3 2 3 1 1 5 5 3 2 2 1 3 5 5 1 1 2 5 1 3 4 2 3 5 5 4 21 "female"
"616" 4 5 3 4 5 5 3 2 3 1 2 4 5 5 3 4 5 3 5 4 5 3 5 5 2 3 5 5 5 5 5 5 22 "female"
"617" 2 3 1 3 2 3 2 2 5 4 5 4 2 4 2 2 4 2 5 2 3 2 1 5 1 2 3 4 4 4 4 2 21 "female"
"618" 2 3 3 3 3 4 4 3 1 1 2 2 3 2 4 5 2 1 2 2 1 1 2 3 1 1 2 3 1 5 3 5 23 "male"
"619" 2 2 2 1 1 3 3 1 1 1 3 3 5 1 1 5 3 2 4 3 1 1 1 3 1 4 5 2 3 5 5 3 17 "female"
"620" 3 5 2 5 4 3 3 3 3 4 4 1 3 2 2 1 2 1 1 1 1 1 4 2 1 1 3 2 5 5 5 2 20 "female"
"621" 3 2 1 1 1 3 1 1 1 1 3 1 3 1 1 2 2 2 4 1 1 1 3 2 2 3 3 2 3 3 2 5 22 "female"
"622" 1 5 1 1 1 5 4 1 3 1 2 3 5 3 1 1 4 5 4 1 3 1 4 3 2 3 4 4 4 5 1 3 20 "female"
"623" 5 4 4 1 1 3 1 1 4 1 5 3 5 2 3 2 4 3 4 5 4 4 3 3 1 1 3 1 5 5 2 3 19 "female"
"624" 3 3 2 3 2 4 4 4 3 3 5 3 5 4 3 3 3 3 5 4 1 1 3 5 5 4 3 2 5 5 4 5 25 "female"
"625" 4 1 3 2 3 4 5 3 4 3 3 3 3 3 2 3 1 1 2 1 2 1 4 5 2 1 3 5 2 4 1 5 29 "male"
"626" 5 5 5 5 5 4 4 4 4 4 3 4 4 4 5 3 2 3 5 3 4 3 4 3 2 1 4 4 5 4 2 2 29 "male"
"627" 3 3 1 3 1 4 1 1 4 3 3 3 5 1 1 2 5 1 5 3 2 2 4 1 3 1 3 1 4 5 1 5 17 "female"
"628" 3 3 2 1 1 4 4 1 5 5 3 4 5 4 2 3 3 2 5 2 5 2 5 5 3 3 3 3 4 5 3 4 17 "female"
"629" 3 3 2 4 2 4 4 3 2 1 2 2 3 1 1 1 1 3 1 1 1 1 1 5 1 2 2 3 1 4 2 3 19 "male"
"630" 5 4 3 2 3 3 4 1 5 3 5 5 3 2 1 2 4 5 5 2 4 5 3 5 5 3 4 4 5 5 5 1 18 "female"
"631" 1 1 4 3 2 3 1 3 5 5 1 5 5 5 1 2 5 3 5 5 5 1 5 1 3 1 1 4 5 5 4 1 20 "female"
"632" 3 3 3 2 2 2 2 1 1 1 3 4 5 1 2 2 4 1 5 3 3 5 2 4 1 1 3 2 5 4 2 1 21 "female"
"633" 5 3 4 3 1 4 1 3 2 1 5 2 5 2 5 2 3 2 4 2 1 1 4 1 2 1 3 2 5 5 1 1 18 "female"
"634" 2 4 2 2 2 3 1 1 2 1 1 1 2 1 1 1 2 1 3 3 1 1 3 2 1 3 2 1 3 4 1 2 19 "female"
"635" 5 3 5 1 3 4 3 4 1 1 1 5 5 1 4 3 2 2 4 1 1 5 4 3 1 4 2 4 3 5 5 3 19 "male"
"636" 1 1 1 3 3 5 3 1 1 1 1 2 1 1 1 5 1 1 1 1 5 3 1 5 1 2 2 5 1 5 2 1 19 "male"
"637" 5 3 2 5 1 5 5 5 1 1 4 1 4 1 1 3 3 1 5 2 1 2 5 5 1 5 5 5 5 5 5 5 18 "female"
"638" 4 4 2 4 4 5 5 3 5 5 3 3 4 5 3 3 2 1 4 2 1 2 5 5 2 1 2 4 3 5 5 5 18 "male"
"639" 5 5 5 1 1 2 2 2 4 3 5 5 5 5 2 3 5 3 5 3 5 1 2 1 1 2 1 3 5 4 5 5 16 "female"
"640" 4 2 3 4 2 5 4 5 2 1 5 4 5 2 3 2 2 3 1 4 1 1 3 4 1 4 3 2 3 5 2 1 18 "female"
"641" 5 4 5 3 2 5 2 3 2 2 5 5 5 2 3 1 2 2 5 5 1 1 2 5 1 1 3 1 2 5 4 1 19 "female"
"642" 5 5 5 5 3 3 3 5 2 2 5 5 5 3 4 1 3 3 5 5 5 2 5 5 4 2 5 5 4 4 2 5 24 "female"
"643" 3 2 1 5 3 3 3 1 1 2 5 1 4 1 1 1 3 5 4 4 5 1 4 4 2 1 2 1 3 4 1 1 19 "female"
"644" 4 4 1 1 1 5 2 2 3 2 5 3 5 3 2 1 4 2 5 5 5 4 3 4 2 3 4 1 3 5 3 5 21 "female"
"645" 1 1 3 4 4 5 5 3 1 2 1 3 5 1 2 5 1 3 3 4 1 1 5 5 1 1 3 4 1 5 5 4 23 "male"
"646" 5 4 5 5 5 5 5 5 3 2 1 5 5 4 4 4 2 5 4 3 3 1 5 5 1 1 3 5 2 5 5 4 23 "male"
"647" 4 3 5 3 2 5 4 5 3 1 3 5 4 3 4 5 3 4 4 3 3 2 3 5 3 4 4 4 3 5 5 4 17 "male"
"648" 5 1 1 5 3 3 1 5 5 5 5 2 5 4 2 1 5 4 5 3 5 1 2 1 1 1 2 2 5 5 3 1 18 "female"
"649" 3 5 3 4 3 5 4 5 4 1 5 4 5 4 4 2 3 5 5 4 3 4 3 5 1 1 3 4 4 5 4 1 26 "male"
"650" 1 2 2 3 3 4 5 4 2 2 2 1 3 2 2 2 2 1 2 1 1 1 4 4 1 1 1 4 3 5 4 2 22 "male"
"651" 3 1 1 1 3 4 4 1 5 5 5 1 4 5 1 4 3 5 5 1 5 3 5 1 2 1 3 5 4 5 5 3 22 "male"
"652" 4 4 3 4 4 5 5 3 2 2 1 3 3 2 2 5 2 4 3 3 1 1 3 2 1 1 2 5 2 4 3 4 25 "male"
"653" 1 1 1 5 1 5 3 3 2 2 1 4 4 1 1 1 2 1 4 1 1 1 3 4 1 3 4 2 4 5 2 4 21 "female"
"654" 5 4 2 1 2 1 4 1 5 2 5 5 3 2 1 2 5 5 5 3 5 5 2 4 5 2 4 3 5 4 4 1 18 "female"
"655" 4 4 1 1 1 4 3 1 3 2 1 4 5 3 4 1 3 1 5 1 5 3 3 3 1 3 3 3 2 4 2 4 17 "male"
"656" 4 5 2 4 3 3 3 2 3 2 2 2 2 5 3 5 5 5 2 5 1 3 2 5 4 2 5 5 5 5 5 1 22 "female"
"657" 2 2 1 1 1 5 2 1 1 1 5 3 4 2 2 1 5 2 5 2 5 2 1 2 1 5 5 2 5 5 1 1 21 "female"
"658" 3 5 1 3 1 4 2 4 5 4 1 1 5 4 4 1 3 2 1 5 1 1 2 3 2 5 5 4 4 5 2 1 21 "female"
"659" 4 4 4 1 1 3 1 2 1 1 5 3 5 3 1 1 2 3 5 4 5 1 2 1 2 2 2 2 4 5 2 5 19 "female"
"660" 3 2 4 4 3 4 4 3 3 2 4 4 5 2 2 4 3 4 3 3 3 2 4 4 2 3 2 4 2 5 4 2 26 "male"
"661" 5 4 3 3 3 5 5 3 3 3 5 4 4 2 2 3 2 3 5 3 2 2 3 2 2 3 4 4 2 5 3 5 25 "male"
"662" 2 4 1 1 4 4 1 2 5 5 3 3 5 5 1 1 4 5 1 5 1 1 4 5 1 2 4 5 4 5 5 4 19 "female"
"663" 2 2 1 3 4 4 5 3 2 3 1 3 4 2 1 5 1 1 4 1 1 1 5 5 3 1 4 5 2 3 4 4 20 "male"
"664" 4 3 5 3 3 3 3 5 2 1 5 4 5 3 4 1 2 4 5 5 1 1 1 4 1 3 4 2 4 5 3 1 25 "female"
"665" 2 2 3 3 3 5 5 1 1 1 2 2 3 1 1 5 1 1 1 1 1 1 5 5 1 1 2 5 1 5 5 2 23 "male"
"666" 5 3 5 3 3 4 4 4 2 2 4 5 5 4 4 5 2 3 4 1 3 1 5 5 1 1 4 4 2 5 5 5 24 "male"
"667" 3 4 1 2 2 3 1 2 5 5 5 3 5 5 1 1 2 1 2 3 2 2 3 2 4 1 4 3 4 5 1 2 19 "female"
"668" 2 5 1 3 4 5 5 1 3 3 2 3 5 4 3 5 2 3 3 1 1 1 5 5 1 2 2 5 1 4 5 3 18 "male"
"669" 4 4 4 3 3 4 4 2 5 5 1 3 5 5 2 5 2 2 3 5 4 5 5 4 5 4 4 3 4 3 2 4 25 "female"
"670" 3 2 4 3 1 1 1 1 4 4 4 4 4 5 3 3 3 3 4 5 5 5 5 3 4 4 4 3 3 3 3 3 22 "male"
"671" 3 3 3 2 2 4 4 5 2 2 1 3 3 2 4 3 1 1 2 1 1 1 1 1 1 2 3 3 1 4 3 4 26 "male"
"672" 4 4 4 4 4 4 4 4 4 4 4 4 4 4 4 4 4 4 4 4 4 4 4 4 4 4 4 4 4 4 4 4 19 "female"
"673" 1 2 3 2 3 4 3 2 1 2 3 4 3 2 1 2 3 4 5 4 3 2 1 2 3 4 5 4 3 2 1 2 16 "female"
"674" 3 2 4 3 1 5 4 4 2 2 2 3 3 2 2 5 2 3 2 1 1 1 2 1 1 1 1 5 2 5 3 1 18 "male"
"675" 3 4 3 1 1 4 3 1 3 1 3 4 4 1 2 3 2 3 4 4 3 2 3 3 3 4 5 2 3 5 3 4 20 "female"
"676" 3 3 3 3 3 3 3 3 3 3 3 3 3 3 3 3 2 2 4 4 2 2 2 4 1 3 3 2 2 5 5 4 17 "female"
"677" 4 3 4 2 1 5 1 3 2 2 5 4 5 1 2 2 3 3 5 5 1 1 3 5 1 1 1 2 3 5 3 1 20 "female"
"678" 3 4 2 2 2 5 5 4 3 1 4 5 5 3 3 3 5 3 5 5 4 4 3 4 4 4 5 5 5 5 5 5 19 "female"
"679" 5 3 5 1 1 5 5 5 2 1 1 3 5 3 2 5 3 3 5 3 5 5 1 5 3 3 3 5 3 5 5 3 25 "male"
"680" 2 3 1 2 1 5 1 2 1 1 3 1 3 1 1 3 3 1 4 2 2 1 5 5 1 5 5 1 5 5 3 5 18 "female"
"681" 5 5 4 2 2 5 3 3 3 2 5 2 4 2 2 2 5 4 5 5 1 2 4 5 5 3 5 4 5 5 2 5 17 "female"
"682" 5 4 4 4 1 4 3 5 2 5 3 4 5 3 4 4 3 2 2 3 2 2 3 3 1 3 4 3 2 3 3 5 18 "male"
"683" 5 5 2 1 1 2 2 1 5 3 5 1 3 3 1 1 4 1 4 2 1 2 1 5 5 2 3 1 5 5 4 5 20 "female"
"684" 2 5 1 3 3 5 4 3 5 4 5 3 5 5 3 3 5 1 3 1 2 5 3 3 4 2 4 5 3 5 3 5 17 "female"
"685" 4 5 5 2 2 4 2 2 5 5 2 3 4 5 2 5 4 1 5 5 3 1 5 2 1 3 3 4 4 2 1 1 19 "male"
"686" 5 3 4 1 1 4 3 3 2 1 3 4 5 3 5 4 3 2 3 1 1 1 5 5 1 3 4 1 3 4 4 4 19 "male"
"687" 4 2 4 2 2 5 1 2 5 5 4 2 3 5 4 5 2 3 5 2 1 1 4 2 1 1 2 3 3 5 4 1 19 "male"
"688" 5 4 5 3 2 4 1 2 1 1 4 3 3 2 5 4 3 3 4 2 1 1 4 5 1 3 4 2 3 5 5 2 16 "male"
"689" 2 3 3 1 1 3 2 4 3 2 3 2 4 3 4 1 2 1 3 2 1 1 3 5 1 2 3 1 3 5 3 1 18 "female"
"690" 3 2 1 1 1 5 5 3 4 2 4 3 4 1 3 3 5 3 2 5 1 1 5 1 3 5 5 4 4 5 3 5 19 "male"
"691" 3 4 1 3 4 4 2 1 5 5 2 1 4 4 1 1 2 2 3 4 3 5 2 2 2 1 2 5 2 4 3 1 20 "female"
"692" 3 5 2 1 1 4 4 2 3 1 4 3 3 5 2 1 4 5 2 3 3 4 1 3 1 1 5 3 1 3 1 1 19 "female"
"693" 4 3 2 1 1 4 3 3 3 1 1 2 2 1 1 5 1 3 3 1 1 1 1 5 1 3 4 5 1 5 5 3 21 "male"
"694" 3 3 3 4 4 2 4 3 5 1 5 3 4 2 4 3 4 2 4 3 4 2 4 2 3 4 4 3 3 5 3 2 24 "male"
"695" 2 1 2 1 1 3 2 1 1 1 1 1 1 1 1 5 1 1 4 1 1 1 5 5 1 2 3 1 2 5 4 5 23 "male"
"696" 4 4 4 4 4 4 4 4 4 4 4 4 4 4 4 5 3 2 5 5 3 2 2 4 1 5 5 5 4 5 5 5 30 "female"
"697" 3 4 4 4 4 3 4 4 2 1 1 3 4 3 4 4 5 3 5 4 4 4 4 4 5 4 3 5 4 2 5 4 27 "male"
"698" 2 2 3 2 1 5 5 4 1 1 1 1 3 2 2 5 1 1 5 1 1 1 3 5 1 5 4 1 1 5 5 1 19 "male"
"699" 5 4 5 2 2 5 2 3 2 1 3 5 5 4 5 4 2 3 2 5 4 1 5 3 1 3 3 4 2 5 1 1 18 "female"
"700" 4 2 3 4 3 5 5 2 3 2 5 3 4 3 2 3 4 2 4 2 3 3 3 2 4 3 3 4 5 4 3 5 18 "male"
"701" 1 1 2 4 3 4 4 1 5 5 3 4 3 5 1 1 1 4 5 1 1 1 2 5 1 1 4 4 5 5 3 1 17 "male"
"702" 2 1 1 1 2 3 2 1 1 1 1 3 2 1 1 5 1 1 5 1 1 1 5 5 1 1 1 5 1 5 5 2 30 "female"
"703" 3 3 1 1 1 4 2 1 4 1 3 5 5 1 1 2 1 1 4 5 2 3 4 5 2 2 4 3 3 5 3 4 19 "female"
"704" 1 3 3 1 1 5 2 3 1 1 5 3 5 1 1 4 4 2 4 2 5 5 5 4 4 3 4 3 5 5 5 5 21 "female"
"705" 5 4 3 1 1 5 3 3 4 4 5 5 5 3 2 1 5 3 4 4 5 4 3 4 1 5 5 2 4 5 3 4 17 "female"
"706" 3 3 5 1 1 5 2 5 1 1 2 4 4 1 4 5 2 1 5 1 1 1 4 2 2 3 4 3 4 5 3 5 20 "male"
"707" 2 2 1 1 1 5 3 2 1 1 1 4 3 1 1 3 1 1 4 1 1 1 5 5 1 1 4 3 2 5 5 1 20 "male"
"708" 4 3 5 1 1 4 5 1 1 1 1 3 5 1 2 5 1 2 4 1 1 1 1 1 1 1 5 5 1 5 5 1 18 "male"
"709" 4 4 2 1 1 3 3 3 3 1 5 3 3 3 3 2 5 3 5 3 5 5 4 3 2 4 2 4 5 5 4 5 20 "male"
"710" 4 5 4 2 3 3 3 2 4 2 5 4 4 4 3 2 4 3 4 2 3 4 3 4 3 1 2 5 4 5 3 5 20 "male"
"711" 5 1 1 1 1 5 3 5 1 1 1 5 2 1 5 5 1 1 5 3 1 3 5 5 5 1 5 3 1 5 2 4 17 "female"
"712" 3 1 1 1 1 5 3 1 1 1 1 3 2 1 1 5 1 2 5 3 1 1 5 5 1 1 4 4 1 5 2 5 19 "male"
"713" 3 4 3 3 2 5 3 4 3 2 5 2 5 3 1 5 5 4 5 5 3 3 3 3 2 3 5 3 5 5 4 5 20 "female"
"714" 5 4 5 3 3 5 4 4 3 2 2 4 5 2 4 4 3 4 5 3 5 1 4 3 5 5 5 5 5 5 5 5 21 "male"
"715" 1 1 4 1 1 5 5 1 4 1 1 5 1 4 1 1 3 1 3 3 4 4 5 5 4 1 1 1 3 3 4 2 23 "male"
"716" 4 2 4 1 1 4 5 5 3 1 1 5 5 1 1 3 1 3 5 1 1 1 5 5 5 2 2 4 1 5 5 4 24 "male"
"717" 3 3 3 3 3 5 3 2 5 5 2 4 4 5 3 5 2 2 4 3 1 1 4 1 2 2 3 3 3 5 2 5 17 "female"
"718" 2 5 1 3 1 5 2 3 1 1 3 4 5 1 1 2 1 1 4 3 1 1 2 3 1 4 4 1 4 5 1 1 18 "female"
"719" 5 4 1 1 1 5 5 1 4 3 2 1 5 3 1 3 3 4 5 1 5 3 1 1 1 3 3 5 4 5 1 5 17 "male"
"720" 4 2 2 1 1 3 2 5 1 1 5 2 4 1 1 1 2 1 1 1 1 3 3 1 2 4 3 1 2 5 2 4 19 "female"
"721" 4 4 3 1 1 4 3 5 1 1 1 3 3 1 2 2 2 1 2 1 4 5 3 3 1 3 4 3 2 5 5 1 21 "male"
"722" 5 1 1 1 1 3 3 1 1 1 5 3 5 1 1 1 2 1 2 1 3 1 2 1 1 1 1 1 5 5 1 5 29 "female"
"723" 2 2 1 2 1 4 4 1 2 1 3 2 3 1 1 1 4 1 5 1 5 1 3 1 3 1 3 3 3 4 1 5 21 "female"
"724" 4 3 1 1 1 3 2 1 4 1 4 4 5 3 1 1 5 3 4 2 5 2 5 2 2 3 4 2 5 5 3 1 20 "female"
"725" 2 3 2 1 1 4 2 3 2 1 5 3 4 3 2 1 5 1 4 2 3 1 3 1 1 4 5 1 4 5 1 2 20 "female"
"726" 2 1 4 3 2 5 3 3 2 2 3 2 4 2 2 3 2 4 3 1 1 2 3 4 1 3 1 2 3 4 2 2 19 "male"
"727" 3 4 5 2 1 5 4 5 3 1 5 4 5 3 5 1 4 5 3 5 2 1 2 4 1 2 2 4 5 4 1 2 20 "female"
"728" 4 3 3 3 2 5 3 4 3 3 3 3 5 3 5 5 5 4 4 3 2 2 4 1 2 4 4 4 4 5 4 3 17 "female"
"729" 3 3 3 1 2 2 2 1 4 3 5 5 5 4 1 1 5 4 4 1 2 3 2 1 5 1 5 1 5 5 1 2 20 "female"
"730" 3 5 5 2 4 5 3 5 2 2 5 2 4 2 4 1 4 1 4 1 2 1 4 3 1 1 3 3 5 5 1 1 19 "male"
"731" 2 2 3 1 2 3 3 4 4 2 3 3 5 4 3 4 3 2 3 1 1 1 3 5 2 2 3 4 3 4 2 3 21 "male"
"732" 4 1 1 4 4 5 5 2 1 1 2 4 3 1 1 3 1 1 5 2 1 1 5 5 1 1 1 3 2 5 1 1 19 "male"
"733" 2 3 4 1 1 4 4 3 3 3 4 4 4 2 2 5 1 1 4 1 5 2 5 5 1 4 4 5 3 4 4 4 19 "male"
"734" 2 1 1 1 1 5 2 4 3 1 2 3 3 1 4 2 3 1 4 5 2 1 5 4 1 2 3 2 3 5 3 5 21 "female"
"735" 2 3 3 1 1 5 2 4 2 1 2 2 4 3 5 3 2 1 3 3 1 1 1 4 1 3 5 2 4 5 2 5 23 "female"
"736" 1 4 3 3 2 5 3 2 2 2 3 3 2 2 2 3 1 1 3 3 3 3 4 3 2 5 4 3 3 4 3 3 24 "female"
"737" 3 1 1 1 1 4 4 2 2 2 3 2 5 2 2 3 1 1 1 5 5 5 5 5 1 1 1 1 1 5 4 1 19 "male"
"738" 5 2 3 2 2 3 5 1 1 1 5 2 3 1 1 2 1 1 3 2 2 1 5 3 2 1 4 5 4 5 2 4 24 "female"
"739" 5 3 5 1 1 5 3 5 1 1 5 5 5 4 5 5 3 5 5 4 1 2 5 5 3 4 5 5 4 5 5 5 20 "female"
"740" 5 4 5 5 5 5 5 5 2 1 5 1 5 3 3 4 5 5 5 4 4 5 5 5 5 3 3 4 5 4 4 4 30 "male"
"741" 5 3 3 2 1 3 3 2 1 3 5 4 5 1 3 3 3 1 4 2 1 3 2 3 1 4 4 1 3 5 2 4 20 "female"
"742" 2 1 1 2 2 5 4 3 1 1 3 2 5 2 1 3 2 2 3 5 2 1 2 2 2 1 5 2 2 5 2 5 23 "female"
"743" 1 5 2 1 2 5 3 5 2 2 1 2 3 1 2 1 2 1 2 2 2 1 5 1 2 1 4 3 1 5 4 2 19 "male"
"744" 1 2 3 5 4 5 4 2 2 1 4 3 2 3 1 1 4 3 4 3 4 4 4 5 3 2 3 1 4 5 2 4 22 "female"
"745" 2 3 1 1 1 4 2 1 5 4 5 4 5 4 3 2 1 4 3 1 1 1 4 1 1 4 5 3 3 4 1 5 17 "female"
"746" 4 4 1 3 1 4 4 5 3 2 1 5 4 2 4 5 2 2 3 2 1 1 5 5 2 5 4 3 1 5 4 5 19 "male"
"747" 3 3 2 3 3 4 3 3 3 3 4 4 3 3 3 3 3 3 5 3 3 4 5 3 4 3 4 3 5 5 3 5 30 "female"
"748" 2 1 2 3 3 4 4 3 2 1 3 2 3 1 1 4 3 1 3 2 1 1 5 4 1 3 4 4 2 5 3 3 27 "male"
"749" 4 4 3 4 4 5 5 4 4 2 2 3 3 2 3 5 3 3 5 2 1 1 4 4 3 1 3 5 4 5 4 3 19 "male"
"750" 4 2 3 4 1 5 2 4 2 4 3 4 5 2 3 1 3 1 3 1 2 1 5 4 2 5 5 3 4 5 2 5 17 "female"
"751" 2 3 1 1 1 5 4 4 1 1 4 2 4 1 1 2 1 1 4 3 3 2 2 1 1 4 4 5 3 5 2 5 20 "male"
"752" 3 1 4 2 1 5 3 5 2 1 2 5 4 1 2 5 2 1 4 2 1 1 5 2 1 2 3 4 2 5 3 5 20 "male"
"753" 3 5 4 1 3 5 4 5 3 1 3 3 4 2 4 5 3 3 3 1 1 1 3 1 1 1 2 5 4 5 4 4 20 "male"
"754" 4 2 4 2 1 4 3 2 2 2 4 2 5 3 3 3 4 1 4 3 1 2 4 1 1 4 4 4 4 5 5 5 18 "female"
"755" 3 4 1 1 1 4 4 3 1 1 4 1 4 1 1 3 1 2 4 3 3 2 1 1 1 4 4 4 3 5 1 5 21 "male"
"756" 4 4 2 3 1 4 4 2 1 1 4 3 4 3 3 3 2 1 2 2 1 1 5 5 1 2 2 4 2 5 2 3 20 "male"
"757" 2 2 3 3 2 4 4 3 2 1 2 3 3 3 2 3 3 2 3 3 1 4 2 3 2 3 4 3 2 4 2 3 17 "female"
"758" 5 4 3 2 3 5 5 2 4 4 5 4 4 5 3 2 3 4 2 1 1 1 3 5 1 2 1 4 3 2 2 3 23 "male"
"759" 4 5 4 3 3 5 4 3 4 2 3 4 3 4 2 4 1 1 4 1 1 1 4 1 2 2 3 5 1 3 1 5 25 "female"
"760" 2 1 3 2 2 4 3 2 1 2 4 5 4 2 1 3 2 1 3 3 2 4 4 5 2 3 3 2 1 4 3 4 18 "male"
"761" 5 5 1 1 1 4 1 1 4 2 4 4 5 4 1 1 2 1 5 3 3 1 2 4 1 2 5 5 5 5 4 5 18 "female"
"762" 2 2 3 3 2 3 2 1 2 2 4 3 4 2 5 2 3 2 3 2 1 1 2 2 3 2 4 2 3 4 2 2 25 "female"
"763" 5 4 4 5 5 5 5 4 3 5 3 5 4 4 5 5 5 3 4 1 1 1 3 1 2 1 5 5 5 5 5 5 21 "male"
"764" 2 3 1 1 4 4 4 1 5 5 2 1 2 5 1 5 3 3 2 1 5 1 4 4 1 2 3 5 3 5 2 2 20 "male"
"765" 3 4 2 2 1 4 4 2 2 1 2 3 4 2 1 4 3 1 5 2 1 1 5 5 1 1 3 3 3 5 3 2 21 "male"
"766" 3 3 2 1 1 4 2 4 3 2 1 2 3 2 3 2 1 1 2 1 1 1 5 5 1 2 5 2 3 5 5 4 18 "female"
"767" 1 4 1 1 1 5 5 1 2 1 1 2 1 5 1 5 3 1 5 2 1 1 1 5 3 3 3 4 1 5 5 5 20 "female"
"768" 2 2 4 5 4 5 5 1 5 5 1 2 3 5 1 5 3 1 2 3 5 1 5 5 1 3 3 4 2 5 5 4 19 "male"
"769" 4 5 5 3 1 4 4 4 2 1 5 5 5 3 3 4 3 5 5 5 5 3 5 5 1 1 1 3 5 5 2 2 22 "male"
"770" 2 4 4 4 2 4 4 2 4 4 3 4 4 5 5 4 5 4 4 2 4 3 4 5 1 4 2 4 2 5 5 4 26 "male"
"771" 2 2 3 4 5 2 4 5 2 2 4 3 3 2 4 5 2 2 1 2 2 1 5 5 1 2 3 4 1 5 4 5 23 "male"
"772" 3 3 2 1 1 4 2 4 2 2 1 2 3 2 4 3 1 2 4 1 1 1 5 5 1 2 5 2 3 5 4 4 18 "female"
"773" 5 4 2 1 1 4 1 1 4 1 5 4 5 4 1 2 4 1 5 2 5 1 3 3 1 1 5 5 5 5 4 5 18 "female"
"774" 4 4 3 1 1 5 3 2 2 1 5 2 5 2 4 1 2 1 3 2 1 1 3 1 2 3 2 2 4 5 3 1 19 "female"
"775" 3 2 1 4 2 5 3 5 1 1 5 3 5 1 1 5 5 1 3 3 1 1 5 3 1 5 5 1 5 5 1 5 19 "female"
"776" 3 2 2 2 1 3 1 4 4 3 4 2 4 5 5 4 2 3 5 1 1 1 3 1 5 4 4 4 4 5 2 5 23 "female"
"777" 1 1 4 4 4 5 5 2 1 1 1 4 4 1 2 5 1 3 1 1 4 1 1 4 1 1 1 5 3 5 5 1 21 "male"
"778" 2 3 2 3 1 3 3 4 3 2 3 4 3 4 2 3 3 3 2 3 2 3 3 3 2 4 2 3 2 4 2 3 19 "male"
"779" 4 5 3 1 1 5 4 3 5 5 5 3 4 5 3 1 3 2 4 5 1 1 5 4 2 4 4 2 5 5 5 5 20 "female"
"780" 5 3 1 1 1 5 4 3 3 1 5 5 5 4 2 4 4 2 4 4 5 5 1 3 5 5 2 4 5 5 5 1 22 "female"
"781" 1 1 1 4 4 5 5 2 2 1 1 5 3 1 4 5 1 1 3 1 2 1 5 5 1 5 4 5 1 5 5 3 20 "male"
"782" 4 3 3 2 1 4 3 3 3 2 2 3 3 2 2 4 3 2 3 3 1 1 2 4 2 3 3 3 2 5 4 4 21 "male"
"783" 3 2 3 4 4 4 4 3 1 2 1 3 4 1 1 5 2 1 2 3 2 1 4 3 1 1 2 4 3 4 4 2 19 "male"
"784" 2 2 3 3 2 3 2 4 2 3 2 2 4 3 2 3 2 3 2 2 2 2 3 4 2 3 2 3 3 4 2 2 17 "female"
"785" 2 3 1 1 1 5 4 2 2 2 2 5 3 1 1 1 4 1 5 5 1 2 4 5 2 3 5 4 3 5 5 4 19 "female"
"786" 2 2 2 1 2 2 2 1 2 2 1 4 3 2 1 2 2 1 3 1 1 1 5 5 2 2 2 2 2 4 4 4 16 "male"
"787" 4 2 4 1 1 5 4 2 1 1 5 4 4 1 2 2 4 1 4 1 2 4 3 2 1 1 2 4 4 5 4 3 22 "male"
"788" 2 3 2 4 2 3 2 2 1 1 2 2 3 2 4 3 2 3 2 3 4 3 2 3 2 3 2 4 3 4 3 3 23 "male"
"789" 4 4 4 1 1 4 4 3 4 1 4 3 3 2 1 1 5 3 4 3 1 1 3 3 4 1 3 3 2 4 1 3 28 "female"
"790" 4 4 4 3 3 5 5 5 1 1 1 4 3 1 4 4 1 3 2 1 1 3 3 3 3 1 2 5 3 5 5 5 20 "male"
"791" 2 3 5 2 1 4 2 3 1 1 4 2 4 2 5 2 2 4 2 1 1 1 4 5 2 4 3 3 3 3 2 3 21 "male"
"792" 4 2 5 1 1 4 2 1 1 1 2 3 2 1 3 1 2 2 4 1 1 1 3 1 1 1 2 1 5 4 2 5 22 "female"
"793" 5 1 3 5 3 5 5 1 3 5 3 5 4 3 1 3 2 1 3 2 5 3 5 2 3 4 1 5 1 5 3 3 19 "male"
"794" 3 3 3 2 2 4 4 5 2 2 2 4 5 2 2 3 5 3 4 4 1 1 2 4 2 5 3 3 3 4 5 1 24 "female"
"795" 5 2 4 1 1 5 3 4 1 1 3 4 5 3 5 5 3 2 2 1 1 1 5 5 1 3 5 5 3 5 5 2 23 "male"
"796" 5 2 4 1 1 5 3 5 1 1 1 3 5 1 2 1 2 2 3 3 1 1 4 1 5 1 2 3 2 5 1 1 21 "female"
"797" 2 2 2 2 1 5 3 3 1 1 3 1 3 1 1 1 4 3 1 2 1 2 3 3 1 4 4 2 2 4 1 2 22 "female"
"798" 2 2 3 2 4 4 3 2 2 3 4 3 3 2 2 3 2 4 3 3 4 3 3 4 2 3 4 3 2 5 3 2 18 "male"
"799" 3 4 3 2 2 5 4 3 2 1 2 2 5 4 4 3 3 5 4 2 4 4 4 4 4 4 4 4 3 4 4 3 28 "female"
"800" 5 3 4 4 2 5 3 5 2 1 5 3 5 3 4 4 5 2 2 1 4 1 5 2 5 4 5 3 5 5 1 1 18 "female"
"801" 4 2 2 3 2 3 2 2 3 3 4 2 3 3 2 4 2 3 4 2 3 2 4 4 2 3 3 4 3 2 3 4 22 "female"
"802" 4 4 3 3 1 3 2 2 3 2 5 3 5 2 1 1 5 3 4 4 4 3 1 4 3 1 2 3 5 4 4 2 21 "female"
"803" 5 4 4 3 2 3 1 2 2 3 5 5 5 3 4 2 4 4 4 5 2 5 3 4 5 2 4 3 5 4 4 3 20 "female"
"804" 1 2 2 2 1 5 2 4 2 2 4 3 4 1 2 3 3 3 2 1 1 1 3 1 1 5 4 2 3 5 1 5 18 "female"
"805" 4 2 5 1 1 5 5 1 1 1 4 3 2 1 4 4 2 1 2 1 1 1 3 2 1 2 1 3 2 3 1 4 21 "male"
"806" 3 2 3 3 2 5 4 4 2 2 1 3 4 1 1 4 3 1 2 1 1 1 3 4 1 3 3 3 2 4 2 3 20 "male"
"807" 5 4 3 2 2 4 2 2 3 3 4 3 3 1 2 1 5 3 4 2 1 1 3 3 1 1 3 3 4 5 3 4 21 "female"
"808" 5 5 3 2 1 2 1 2 1 5 5 2 4 2 5 1 5 2 2 5 5 4 5 5 3 2 5 1 5 5 3 1 21 "female"
"809" 2 2 2 3 3 5 4 1 2 1 2 3 2 3 2 4 3 2 3 2 4 3 4 5 1 2 3 2 1 5 3 4 17 "male"
"810" 2 5 5 3 4 5 5 5 5 2 2 5 5 3 4 5 2 1 4 1 1 1 5 1 1 3 5 5 2 5 5 5 20 "female"
"811" 3 2 2 1 2 5 4 1 4 2 5 2 5 3 1 1 5 1 3 3 3 2 1 2 3 4 4 3 3 5 1 3 23 "female"
"812" 3 4 2 1 1 3 1 2 4 2 1 3 5 2 1 2 5 1 4 2 1 1 2 5 1 3 4 3 3 5 2 5 19 "female"
"813" 2 1 3 3 1 5 5 3 1 1 2 2 3 1 1 5 2 3 4 1 1 1 4 4 1 1 2 5 3 4 2 1 22 "male"
"814" 1 5 1 1 1 4 2 1 5 2 1 5 4 3 2 5 3 3 3 4 1 1 3 5 2 3 4 2 4 4 1 5 19 "female"
"815" 3 2 2 1 1 4 2 1 5 5 4 2 4 3 2 1 3 2 4 2 3 1 3 1 2 4 4 2 3 5 1 5 19 "female"
"816" 3 2 2 1 2 5 4 3 2 1 1 3 3 3 2 4 3 3 4 2 4 1 3 1 1 3 5 3 2 5 2 1 18 "female"
"817" 1 2 3 2 1 4 5 2 2 2 2 3 4 2 2 3 3 1 2 1 1 1 4 5 1 3 2 3 2 4 2 3 18 "male"
"818" 1 1 2 3 1 5 5 2 4 5 2 1 3 3 2 3 3 1 5 3 1 1 5 3 4 4 4 3 2 5 3 2 20 "female"
"819" 4 1 4 2 1 4 1 4 2 2 4 4 4 3 3 1 2 2 2 2 4 2 4 2 3 3 5 5 5 5 3 5 17 "female"
"820" 2 5 2 2 2 5 2 3 2 2 4 2 5 2 2 3 2 1 2 1 1 1 1 2 1 1 1 2 2 5 1 4 19 ""
"821" 2 2 1 2 1 3 2 2 1 3 1 2 4 2 1 2 2 2 3 3 3 2 3 3 2 3 4 3 3 4 2 2 21 "female"
"822" 3 5 1 5 4 5 3 2 4 2 5 5 4 3 2 3 3 3 2 2 5 1 5 2 1 1 3 3 4 5 4 5 18 "female"
"823" 4 4 3 5 3 4 3 2 4 3 5 5 5 2 1 1 5 4 5 1 1 1 3 1 1 4 5 4 4 3 1 5 19 "female"
"824" 4 3 2 3 3 5 5 1 2 1 2 1 3 1 1 1 2 4 5 1 5 1 5 1 1 1 3 2 2 5 3 4 16 "male"
"825" 4 3 4 1 1 5 2 1 1 2 3 5 5 1 2 1 1 2 3 1 1 3 4 5 2 5 4 1 3 4 5 5 24 "male"
"826" 3 2 3 4 3 4 2 2 3 1 4 3 3 2 5 5 2 2 4 2 1 1 4 2 1 3 5 2 4 5 4 5 22 "female"
"827" 4 2 3 2 3 3 1 2 3 1 3 5 2 3 2 4 3 1 5 2 2 2 4 5 2 3 5 4 5 5 3 5 19 "female"
"828" 4 2 3 5 5 5 5 4 1 1 1 1 4 1 3 3 1 2 5 1 1 1 5 3 3 1 1 5 2 5 5 5 22 "male"
"829" 2 1 1 1 1 3 2 2 2 2 2 2 3 2 2 1 3 1 2 3 4 2 3 3 2 3 4 2 3 5 1 3 16 "female"
"830" 4 2 2 5 4 3 3 1 5 5 4 3 4 5 1 2 3 1 4 5 1 1 1 4 2 3 4 4 5 5 5 5 18 "female"
"831" 1 3 1 2 1 3 2 1 1 2 1 1 3 1 1 4 2 1 5 1 2 3 3 3 1 1 1 1 1 5 4 5 18 "female"
"832" 4 1 3 1 1 5 5 4 2 3 2 2 3 1 3 3 1 2 4 1 5 1 3 3 1 1 3 5 1 3 4 5 15 "male"
"833" 1 1 2 3 4 5 5 2 1 1 1 3 2 1 2 5 1 1 5 1 1 1 5 5 1 1 1 5 1 5 5 1 26 "male"
"834" 3 2 3 5 4 4 5 3 3 2 2 1 5 1 1 3 1 1 5 2 5 4 3 2 1 1 3 4 2 5 1 2 19 "male"
"835" 4 4 3 3 2 3 1 2 5 5 4 3 5 5 3 3 1 1 1 5 3 2 1 4 3 4 4 4 3 4 4 4 20 "female"
"836" 5 5 1 5 4 3 2 5 5 5 2 3 1 2 4 1 2 1 5 4 1 3 1 5 1 1 4 5 3 5 3 5 19 "female"
"837" 3 2 2 2 3 4 3 1 1 1 3 2 2 1 1 1 1 1 3 1 1 1 1 1 1 2 1 3 3 5 1 4 20 "male"
"838" 3 3 3 1 1 4 4 1 1 1 1 1 1 1 1 5 1 1 3 1 1 1 2 1 1 1 2 4 2 4 1 1 20 "male"
"839" 4 4 2 3 1 5 2 4 2 2 1 2 4 3 1 1 1 1 4 1 1 1 3 3 1 1 2 2 3 4 2 4 24 "female"
"840" 5 5 5 5 3 5 5 3 5 4 3 5 3 5 4 4 2 5 5 2 1 1 5 5 5 4 4 5 1 5 3 5 20 "male"
"841" 5 3 1 3 4 3 1 4 3 2 5 4 5 3 1 3 3 2 1 1 2 4 2 1 2 2 3 1 4 4 1 1 21 "female"
"842" 5 5 5 1 4 5 5 3 3 2 1 3 2 2 3 5 2 5 1 1 1 1 3 3 1 4 2 5 1 5 4 3 23 "male"
"843" 5 5 1 1 3 5 2 1 3 1 5 5 5 1 2 2 3 1 2 4 2 5 3 5 2 5 5 3 3 5 3 1 17 "female"
"844" 5 5 5 1 1 1 1 3 4 1 5 4 5 5 5 1 5 1 1 5 5 5 1 5 2 5 5 1 5 5 5 5 19 "female"
"845" 5 2 3 5 5 4 3 2 4 3 5 4 3 3 2 4 5 2 5 2 4 1 5 4 2 1 2 5 4 5 2 4 18 "male"
"846" 2 1 1 5 4 5 5 3 2 1 1 2 2 2 1 3 1 1 4 2 1 1 5 4 2 3 2 5 2 5 3 4 19 "male"
"847" 3 3 1 3 1 5 5 4 1 1 4 1 4 1 2 2 1 1 4 5 1 1 3 2 1 1 2 1 2 5 3 1 19 "male"
"848" 2 3 2 4 4 5 5 5 1 1 4 1 5 1 1 5 4 1 1 1 5 1 2 1 1 2 5 5 4 5 1 3 22 "male"
"849" 3 2 3 3 3 4 4 2 2 2 4 4 5 2 2 4 3 2 3 1 1 1 4 4 1 1 3 4 2 4 4 3 18 "male"
"850" 3 4 2 3 3 4 2 1 5 5 5 3 5 5 3 3 4 1 3 2 2 4 5 3 2 1 5 5 5 5 2 5 19 "female"
"851" 2 4 1 1 2 5 5 1 1 2 4 2 1 1 1 1 4 1 5 1 3 4 1 1 3 2 5 5 3 4 2 4 20 "female"
"852" 3 4 3 5 3 5 2 2 3 4 5 2 5 3 3 2 3 1 4 1 1 1 5 5 1 2 2 4 3 5 1 3 21 "female"
"853" 2 5 2 4 3 4 4 4 2 3 4 3 5 3 2 4 2 2 4 5 4 2 3 4 1 3 4 3 4 5 3 2 19 "female"
"854" 2 1 3 3 1 4 2 2 1 1 2 5 4 1 1 3 2 2 3 1 1 1 4 3 1 2 4 1 2 5 3 3 19 "male"
"855" 5 3 3 2 2 5 3 5 3 2 5 4 4 2 3 1 3 1 4 1 1 1 5 1 1 3 2 2 5 5 2 4 21 "female"
"856" 5 3 5 3 2 5 3 5 3 2 3 5 5 3 5 4 3 2 2 2 1 2 1 3 1 3 3 3 3 5 2 4 19 "male"
"857" 5 5 2 1 2 5 1 1 2 1 5 4 2 1 1 1 4 2 4 3 3 4 3 1 1 2 3 3 5 3 2 1 19 "female"
"858" 1 2 3 3 4 4 4 2 1 1 1 1 4 2 1 4 3 1 3 1 2 1 4 1 1 3 5 5 4 5 4 4 18 "male"
"859" 2 2 3 1 1 4 1 4 2 1 3 3 2 1 2 1 3 1 4 5 2 1 5 4 1 3 4 1 3 5 3 4 22 "female"
"860" 1 1 4 1 1 4 2 4 1 1 4 3 2 1 1 2 3 2 2 3 1 1 3 1 1 1 2 3 5 4 3 4 21 "female"
"861" 4 3 2 1 2 3 2 3 1 1 5 2 4 1 1 1 4 1 4 2 4 1 3 3 1 3 2 3 5 4 2 2 20 "female"
"862" 5 5 3 5 3 4 4 3 2 1 5 3 5 2 1 1 4 5 5 1 5 1 1 4 2 1 2 3 4 4 2 1 19 "female"
"863" 5 5 5 1 1 5 5 3 3 3 5 5 5 4 3 3 4 3 5 5 5 5 2 5 2 1 3 3 5 5 3 1 30 "female"
"864" 3 2 5 1 1 5 5 3 1 1 3 4 3 2 2 4 1 1 3 1 3 1 4 2 1 1 1 4 1 5 4 1 29 "male"
"865" 4 1 2 1 1 5 5 2 1 1 2 2 4 1 1 2 1 1 3 1 1 1 2 1 1 2 1 3 1 3 1 5 21 "male"
"866" 5 2 3 5 5 4 3 1 4 4 2 4 2 1 1 2 1 1 1 1 1 5 4 1 1 1 1 5 2 5 1 1 30 "male"
"867" 5 5 2 1 1 5 1 1 4 1 5 2 3 3 3 2 4 4 4 1 1 2 3 2 1 2 3 3 3 4 3 5 20 "female"
"868" 3 4 3 4 2 5 4 4 1 2 1 5 5 1 4 4 2 2 2 2 1 1 3 3 1 1 3 3 2 5 2 5 18 "female"
"869" 4 1 1 1 1 4 4 2 2 1 1 4 3 2 1 1 2 1 3 1 4 1 2 2 1 1 1 2 2 5 1 2 20 "male"
"870" 1 5 1 2 1 4 1 3 2 1 1 4 5 3 3 3 5 3 5 4 3 2 5 5 2 3 1 2 2 5 5 5 19 "female"
"871" 3 4 2 5 5 5 5 2 3 2 4 2 5 3 2 1 1 3 5 1 3 4 1 5 2 3 2 5 4 5 3 1 28 "male"
"872" 4 5 3 5 3 5 5 3 4 3 3 4 5 3 2 3 3 4 5 5 5 5 5 5 2 1 1 5 4 5 5 1 19 "male"
"873" 3 3 2 1 1 3 1 2 5 5 2 3 2 3 2 1 1 1 4 5 2 1 5 5 2 3 5 3 4 5 4 5 16 "female"
"874" 3 2 3 1 1 5 3 4 2 1 3 2 1 1 3 2 2 1 2 3 1 1 2 4 1 3 5 2 4 5 2 4 18 "female"
"875" 2 2 1 1 3 5 5 2 1 1 1 2 3 1 1 2 1 1 1 1 5 4 2 1 1 1 1 3 1 5 3 2 22 "male"
"876" 3 4 3 1 1 3 1 4 3 2 4 2 4 2 2 1 1 3 4 3 2 1 4 3 2 1 3 2 3 4 2 5 20 "female"
"877" 3 4 1 2 2 5 5 3 3 2 2 3 4 3 2 2 3 1 3 3 4 1 5 2 2 1 2 2 2 5 4 4 22 "male"
"878" 4 4 2 1 2 4 3 1 2 1 5 4 5 2 1 1 5 1 2 2 3 4 4 4 2 4 5 3 5 5 4 4 20 "female"
"879" 2 3 3 3 1 3 4 1 1 1 4 1 5 1 1 1 1 1 1 1 2 1 2 2 1 1 2 3 2 3 1 5 18 "female"
"880" 3 5 3 1 1 5 4 3 3 3 2 5 5 3 1 1 5 1 5 4 1 4 2 4 1 3 5 5 5 5 1 4 25 "female"
"881" 2 3 1 2 2 4 2 1 5 3 1 5 4 5 1 3 1 1 4 2 1 2 5 4 5 3 3 3 1 5 2 5 21 "male"
