"History" "Psychology" "Politics" "Mathematics" "Physics" "Internet" "PC" "Economy" "Biology" "Chemistry" "rPoetry" "Geography" "Languages" "Medicine" "Law" "Cars" "Art" "Religion" "Outdoor" "Dancing" "Instruments" "wPoetry" "sLeisure" "sCompetitive" "Gardening" "Celebrities" "Shopping" "SciTec" "Theatre" "Social" "sAdrenaline" "Pets" "Age" "Gender"
"1" 1 5 1 3 3 5 3 5 3 3 3 3 5 3 1 1 1 1 5 3 3 2 1 5 5 1 4 4 2 5 4 4 20 "female"
"2" 1 3 4 5 2 4 4 5 1 1 4 4 5 1 2 2 2 1 1 1 1 1 1 1 1 2 3 3 2 4 2 5 19 "female"
"3" 1 2 1 5 2 4 2 4 1 1 5 2 5 2 3 1 5 5 5 5 5 5 5 2 1 1 4 2 5 5 5 5 20 "female"
"4" 4 4 5 4 1 3 1 2 3 3 5 4 4 2 5 1 5 4 1 1 1 3 1 1 1 2 4 3 1 2 1 1 22 "female"
"5" 3 2 3 2 2 2 2 2 3 3 5 2 3 3 2 3 1 4 4 1 3 1 3 1 4 3 3 3 2 4 2 1 20 "female"
"6" 5 3 4 2 3 4 4 1 4 4 3 3 4 4 3 5 2 2 5 1 5 1 5 4 2 1 2 3 1 3 3 2 20 "male"
"7" 3 3 1 1 1 2 1 3 5 5 3 3 4 5 3 4 1 1 4 3 2 1 5 3 3 1 3 4 3 5 1 5 20 "female"
"8" 5 2 3 1 1 5 4 1 2 2 2 3 4 1 2 1 1 2 2 1 1 1 4 5 1 3 3 2 2 4 2 5 19 "male"
"9" 3 2 1 1 1 1 1 1 3 1 5 1 1 1 1 1 1 2 4 1 2 1 4 1 1 5 2 1 5 4 1 1 18 "female"
"10" 3 2 3 3 1 5 1 4 2 1 4 4 5 1 1 1 4 4 4 5 3 1 4 4 1 2 4 3 5 5 2 2 19 "female"
"11" 3 3 3 2 1 4 5 3 2 1 3 3 5 2 4 2 2 2 4 1 1 1 5 1 3 2 5 4 2 4 1 5 19 "female"
"12" 2 2 5 1 1 5 4 1 1 1 3 5 2 1 3 1 5 1 5 1 1 1 5 3 1 2 3 3 1 3 1 1 17 "female"
"13" 4 4 4 1 1 3 2 1 5 5 5 3 5 5 2 3 1 1 5 3 4 1 5 3 4 3 2 3 2 4 1 2 24 "female"
"14" 2 2 1 1 1 3 3 3 1 1 4 1 5 1 1 1 3 1 5 3 3 1 3 3 1 5 5 2 3 5 4 5 19 "female"
"15" 2 5 1 1 1 4 2 3 2 1 4 1 3 1 1 1 4 2 3 1 1 5 3 1 5 5 5 2 4 5 1 5 22 "female"
"16" 5 5 3 3 3 4 5 3 5 2 3 3 4 2 4 5 3 1 5 1 5 2 5 3 3 1 3 5 3 5 5 1 18 "male"
"17" 1 1 1 1 1 5 2 1 4 1 1 1 3 5 1 1 1 2 5 2 2 1 5 1 1 3 4 2 1 5 4 5 19 "female"
"18" 3 2 2 1 3 3 3 1 5 5 4 2 2 3 1 1 1 1 5 3 1 2 1 3 3 3 3 4 3 3 1 5 20 "female"
"19" 3 5 3 5 5 5 5 3 3 3 3 1 4 2 1 2 1 1 3 3 1 1 3 3 1 1 2 5 1 3 1 4 18 "male"
"20" 2 3 3 3 2 5 5 4 2 1 3 4 4 2 1 4 2 1 4 1 5 1 4 2 1 3 3 4 2 5 3 1 18 "male"
"21" 5 3 4 2 3 5 4 2 4 4 3 3 4 4 2 5 2 1 5 1 5 3 5 5 2 2 1 5 2 4 3 3 20 "male"
"22" 4 4 4 3 1 5 5 5 3 1 1 5 4 2 1 1 2 1 4 1 2 4 5 3 3 1 1 5 4 5 5 5 24 "male"
"23" 2 2 3 2 3 4 3 2 5 5 5 3 4 4 2 3 2 2 3 5 5 3 2 4 3 3 4 3 5 5 3 5 20 "female"
"24" 4 5 5 2 1 5 4 2 3 2 4 4 5 4 5 3 4 2 5 5 4 3 4 5 3 4 5 5 5 5 3 3 19 "female"
"25" 2 2 1 3 1 5 2 5 1 1 4 2 5 1 3 1 2 1 2 4 1 1 3 4 1 5 5 1 3 5 1 3 20 "female"
"26" 3 3 1 2 3 5 2 1 5 5 4 3 3 2 1 4 2 4 5 3 2 2 4 5 5 4 4 3 1 4 4 5 22 "female"
"27" 5 1 1 1 2 5 2 1 1 1 1 4 4 2 3 5 1 1 3 3 1 1 5 5 1 3 5 3 1 5 4 3 20 "male"
"28" 5 4 2 2 2 4 3 4 4 2 5 3 5 3 2 2 4 2 5 4 2 2 5 4 3 4 4 3 4 5 3 2 19 "female"
"29" 2 3 3 1 1 4 3 3 3 1 4 4 4 4 4 4 2 2 4 1 1 1 1 5 1 2 4 4 2 5 4 3 25 "male"
"30" 4 4 2 2 2 3 2 2 2 2 5 5 4 1 1 3 4 1 5 4 1 2 3 1 3 1 2 1 3 4 2 1 22 "female"
"31" 4 5 3 1 1 5 4 3 1 1 3 3 3 1 2 3 4 2 2 1 2 1 2 2 1 4 5 3 3 5 1 5 20 "female"
"32" 5 3 5 2 1 5 4 4 4 3 5 5 5 5 4 1 5 1 5 3 3 1 5 4 4 3 3 3 4 5 5 5 27 "female"
"33" 4 5 4 3 1 5 4 4 3 1 3 2 5 3 2 5 3 5 5 2 3 2 5 3 1 1 3 5 3 5 5 1 20 "male"
"34" 1 1 1 1 1 5 3 1 1 1 5 3 5 1 5 4 2 3 3 4 1 1 3 3 3 3 4 2 5 5 2 5 19 "female"
"35" 4 5 3 3 3 5 3 2 5 5 5 3 4 5 3 4 3 2 4 1 1 1 2 1 2 4 4 4 4 5 1 5 18 "female"
"36" 3 3 5 3 3 4 3 2 5 3 2 2 4 3 3 2 2 5 5 1 5 1 3 5 5 2 4 4 1 5 5 3 21 "male"
"37" 3 4 4 3 2 5 2 5 5 1 5 3 5 4 3 1 4 2 4 5 3 5 3 4 4 2 4 3 3 5 1 5 23 "female"
"38" 4 1 1 1 1 5 2 2 3 5 3 3 1 5 1 4 1 3 5 1 2 1 5 5 2 2 4 5 2 3 3 5 21 "female"
"39" 2 1 1 2 1 5 4 3 2 1 1 3 3 2 2 1 1 1 3 1 1 1 3 1 1 5 5 3 1 2 1 2 26 "female"
"40" 5 4 5 5 5 5 5 1 1 5 5 3 3 3 1 1 1 5 5 2 4 1 1 5 1 1 1 3 1 5 5 3 20 "male"
"41" 2 5 1 5 1 5 5 5 5 2 3 2 5 4 3 3 2 2 3 1 2 1 3 1 1 2 4 4 2 5 3 5 19 "female"
"42" 2 4 2 1 1 5 3 5 1 1 3 5 5 1 2 2 5 1 3 2 2 5 4 3 1 3 5 3 3 5 2 5 20 "female"
"43" 4 5 5 3 4 4 3 4 3 2 5 4 3 1 4 1 3 4 3 3 1 3 4 2 2 5 5 4 4 5 5 5 25 "female"
"44" 5 5 5 5 5 5 5 2 1 1 3 1 2 2 1 1 1 4 2 5 5 1 4 5 1 4 3 5 2 5 1 4 27 "male"
"45" 2 3 1 2 1 5 3 4 2 1 5 3 5 3 1 2 1 1 3 1 1 1 2 2 1 2 4 2 4 5 2 5 19 "female"
"46" 2 4 3 2 2 4 2 4 3 2 2 3 5 3 2 2 2 2 4 5 2 1 3 4 2 2 3 3 4 3 2 2 20 "female"
"47" 2 2 2 1 1 5 3 3 2 1 5 2 4 1 1 3 1 1 2 1 1 1 2 1 1 2 5 3 2 5 1 5 20 "female"
"48" 3 4 1 4 1 4 2 1 5 5 4 3 4 5 1 1 3 4 3 1 1 1 3 4 1 4 4 4 2 4 4 5 19 "female"
"49" 2 4 4 5 5 5 5 2 5 5 3 3 4 5 2 4 3 3 3 5 2 1 5 5 2 2 3 5 2 4 1 4 19 "female"
"50" 5 4 3 3 2 4 2 2 3 4 5 3 4 2 2 3 4 2 5 5 5 5 5 5 3 1 4 4 4 5 5 3 21 "female"
"51" 3 3 4 1 1 3 2 2 4 2 4 5 5 4 3 5 5 5 4 5 4 1 5 5 3 1 3 3 5 5 3 1 18 "female"
"52" 5 3 4 1 4 3 1 1 3 4 5 3 4 3 2 2 5 2 5 4 4 2 5 4 1 1 2 3 5 5 1 1 21 "female"
"53" 4 5 2 2 3 5 4 3 3 4 3 4 5 3 3 2 3 2 4 4 2 1 1 3 1 3 3 4 2 4 4 5 23 "female"
"54" 3 4 4 4 3 4 4 4 2 1 5 2 5 2 4 3 5 2 3 2 1 3 5 1 2 2 2 3 4 5 2 3 20 "female"
"55" 5 5 2 1 1 5 1 3 3 1 5 2 3 3 2 1 5 4 5 2 2 1 5 3 1 5 5 3 5 5 2 5 21 "female"
"56" 3 3 1 3 2 4 3 1 5 4 1 5 4 5 1 2 1 1 4 2 1 1 5 3 3 2 4 4 1 5 3 3 19 "male"
"57" 4 4 5 1 1 3 3 2 1 1 5 5 3 1 3 1 4 1 1 1 1 3 1 1 1 1 1 1 1 3 1 1 22 "male"
"58" 4 5 4 4 4 5 4 4 2 2 5 4 4 3 2 3 5 4 4 2 5 5 3 4 2 1 2 4 4 4 3 1 23 "male"
"59" 3 3 3 3 4 5 4 4 1 1 1 3 3 3 3 4 3 1 3 1 1 1 4 1 1 2 3 3 3 5 2 5 23 "male"
"60" 5 4 4 4 5 5 5 3 3 3 2 5 4 3 3 5 2 1 4 1 2 1 5 5 1 1 2 5 2 5 5 1 23 "male"
"61" 1 2 2 1 3 5 2 1 5 5 2 1 5 5 1 1 2 1 1 2 1 1 2 1 1 3 5 4 5 5 4 5 18 "female"
"62" 5 2 3 2 1 5 3 2 1 1 1 5 3 3 1 2 1 2 3 1 1 1 3 3 1 2 2 2 1 3 3 3 17 "male"
"63" 3 2 2 5 5 4 3 2 1 2 1 4 2 1 1 4 2 1 3 1 1 1 5 5 1 3 3 4 2 4 2 1 20 "male"
"64" 2 3 3 4 2 3 1 5 2 2 3 3 4 3 3 1 2 2 3 5 2 2 1 3 4 3 3 2 3 5 2 4 24 "female"
"65" 2 2 3 5 2 5 2 4 3 5 2 3 4 1 4 3 2 5 4 1 2 1 5 1 1 1 3 4 3 5 1 4 18 "female"
"66" 2 1 3 1 1 3 3 3 1 1 2 1 3 1 5 5 2 1 5 2 1 1 1 5 2 2 4 3 1 5 5 2 17 "male"
"67" 5 1 5 2 1 4 2 4 1 1 3 4 2 1 5 5 1 1 3 1 1 1 1 5 1 4 4 4 1 5 3 5 20 "male"
"68" 3 2 1 1 1 4 3 1 1 1 2 2 3 1 1 3 1 2 5 3 3 1 4 3 2 2 3 1 2 5 4 2 28 "female"
"69" 4 3 4 1 1 5 5 3 2 2 2 4 5 1 2 5 2 5 5 5 3 1 3 5 1 2 5 5 2 5 1 5 21 "male"
"70" 4 3 5 1 1 4 3 4 1 1 1 4 5 1 3 5 3 2 5 1 5 3 2 5 1 1 3 2 2 4 4 3 22 "male"
"71" 5 5 4 2 1 5 4 5 4 1 2 5 5 5 2 5 5 5 5 2 5 2 5 5 1 3 4 4 4 5 3 4 20 "male"
"72" 2 2 5 1 1 4 4 2 1 1 2 2 3 1 3 5 1 2 3 3 1 1 3 5 1 1 4 5 1 5 4 3 18 "male"
"73" 4 2 1 1 1 3 1 1 5 5 5 5 5 3 1 1 4 1 5 5 1 1 3 5 1 1 5 3 5 5 3 1 21 "female"
"74" 4 3 5 2 1 5 3 5 3 1 1 3 5 2 5 4 2 1 4 3 2 1 4 3 2 1 5 4 3 5 4 5 21 "female"
"75" 5 4 4 1 2 5 3 3 2 1 2 2 3 2 5 3 2 1 4 5 2 1 5 5 1 3 4 3 2 5 4 5 19 "female"
"76" 3 2 1 1 2 5 5 4 1 2 2 3 4 1 4 5 3 2 3 5 1 1 4 5 1 2 3 5 2 5 4 2 22 "male"
"77" 4 5 1 1 1 5 1 1 2 1 5 3 4 1 1 1 5 4 5 1 3 2 5 1 4 1 3 2 3 4 3 5 18 "female"
"78" 4 3 1 5 5 5 5 3 2 2 2 3 3 3 2 3 5 1 5 2 4 1 4 4 2 2 4 5 5 4 3 1 22 "male"
"79" 5 5 5 4 4 5 4 5 4 4 5 5 4 4 4 4 5 5 5 4 4 4 5 5 2 1 2 5 5 5 4 2 24 "male"
"80" 5 1 5 1 1 5 1 1 4 1 5 5 5 1 3 1 3 5 3 4 1 5 1 1 2 5 5 3 3 5 1 5 21 "female"
"81" 3 3 3 1 1 3 1 2 2 1 4 3 4 2 2 1 4 3 3 2 1 1 2 2 1 3 3 1 4 4 1 2 22 "female"
"82" 1 1 1 1 1 4 1 1 2 2 3 1 4 4 1 3 1 4 4 1 3 1 5 1 1 1 4 3 2 5 2 3 19 "female"
"83" 4 3 2 3 3 3 2 2 2 2 5 4 5 2 1 1 5 4 5 3 2 4 2 2 1 2 3 2 4 4 2 3 19 "female"
"84" 2 3 1 4 4 5 5 3 2 2 1 5 2 1 2 5 3 1 4 1 2 1 4 4 1 1 1 5 1 5 4 3 24 "male"
"85" 4 4 4 1 2 5 5 2 2 1 1 5 4 1 2 5 3 1 4 1 1 1 4 2 1 3 3 5 3 5 5 4 21 "male"
"86" 1 1 1 1 1 2 1 1 3 4 1 1 1 5 1 1 1 1 1 1 1 1 1 4 1 1 1 1 1 5 1 1 19 "male"
"87" 3 2 2 4 1 5 5 2 1 1 3 1 4 1 2 2 1 4 4 1 1 1 1 5 2 1 1 4 1 3 3 5 19 "male"
"88" 1 1 1 1 2 3 4 1 2 1 3 5 5 2 1 1 3 1 5 1 1 1 5 5 1 1 3 5 1 5 5 1 22 "male"
"89" 3 4 1 5 5 5 1 1 3 5 3 5 4 1 1 2 2 2 5 3 1 1 4 2 1 1 5 3 3 4 1 4 18 "female"
"90" 3 1 2 2 3 5 5 2 5 5 3 2 4 5 1 2 3 4 4 1 4 1 4 1 3 3 4 3 3 5 3 2 21 "female"
"91" 5 1 4 1 1 4 3 1 1 1 5 4 3 1 2 3 1 3 3 1 1 1 5 1 1 2 1 3 1 5 1 3 18 "male"
"92" 5 5 5 4 4 5 4 2 4 4 5 5 5 5 4 2 4 2 5 4 4 2 1 5 2 1 1 2 4 5 3 1 20 "female"
"93" 5 4 4 2 2 5 5 2 2 1 5 5 5 2 4 5 2 5 4 4 4 1 5 3 1 4 4 5 4 5 2 1 22 "male"
"94" 5 4 5 2 2 3 3 4 2 2 2 4 3 2 5 4 4 3 3 2 2 3 3 3 2 1 2 3 3 4 3 2 21 "male"
"95" 4 2 2 1 1 3 3 1 1 4 3 1 3 1 3 3 1 3 5 1 1 1 4 5 3 1 3 4 3 3 1 4 24 "male"
"96" 4 4 3 3 1 4 4 5 2 1 2 3 5 1 2 3 1 2 4 2 1 1 5 2 1 2 2 5 2 5 3 1 19 "male"
"97" 1 2 4 1 3 4 1 2 5 5 5 2 1 5 2 4 5 4 4 2 1 4 2 5 2 1 3 2 5 5 5 4 18 "female"
"98" 1 3 2 3 2 4 4 1 1 1 2 1 4 1 1 2 1 1 1 1 5 4 4 1 1 1 4 2 3 2 1 3 17 "female"
"99" 3 3 4 2 2 4 5 4 2 2 1 2 3 3 2 5 2 3 3 1 1 1 2 2 1 1 2 4 1 4 2 1 18 "male"
"100" 3 4 1 2 3 5 2 2 5 1 1 5 4 3 1 1 1 2 5 1 1 3 2 4 1 1 2 4 1 4 4 3 21 "male"
"101" 3 4 1 1 1 4 1 1 3 2 5 3 5 3 2 1 5 3 5 3 2 4 1 3 2 2 2 3 4 5 3 1 22 "female"
"102" 2 3 1 2 1 3 1 1 5 4 5 3 4 5 2 1 4 3 4 5 2 1 3 2 3 1 3 5 5 4 1 3 20 "female"
"103" 5 3 1 1 1 5 3 2 1 1 5 3 5 3 1 2 5 1 4 1 1 4 1 1 2 2 5 4 4 5 4 5 19 "female"
"104" 2 5 3 1 3 5 3 2 3 3 3 4 5 4 2 5 4 2 4 5 3 3 3 4 3 1 5 4 4 5 3 3 17 "female"
"105" 2 4 2 1 2 3 1 1 1 3 5 1 4 1 1 1 2 2 3 1 5 5 1 1 1 1 3 1 2 4 1 4 21 "female"
"106" 2 2 2 5 2 5 5 3 2 1 1 2 2 1 1 5 1 1 4 1 1 1 1 1 2 4 3 3 2 2 1 5 18 "female"
"107" 3 2 4 4 2 4 4 2 2 2 4 4 3 2 1 2 4 1 5 1 2 2 4 1 2 1 2 3 2 4 3 4 23 "male"
"108" 4 4 2 4 2 5 1 1 2 4 3 4 1 3 1 1 2 2 4 1 3 3 2 1 2 1 1 2 2 3 2 3 16 "female"
"109" 5 3 4 5 5 2 4 5 3 5 5 5 4 3 3 2 1 2 5 4 3 2 1 4 1 1 1 5 5 5 4 5 23 "male"
"110" 1 3 3 4 3 4 4 3 2 2 1 1 2 3 4 5 1 1 4 1 1 1 3 2 1 3 2 4 1 5 5 3 21 "male"
"111" 5 2 1 1 1 4 2 1 1 1 5 3 3 1 1 4 5 3 4 2 2 3 4 2 2 2 3 1 5 5 1 4 23 "female"
"112" 2 3 1 1 3 3 3 2 4 2 3 3 3 3 3 2 4 4 4 1 5 4 2 4 4 1 2 3 4 5 2 4 20 "female"
"113" 4 4 4 1 3 4 5 3 2 2 4 4 4 4 4 4 5 3 5 2 5 3 4 5 1 1 1 5 4 4 5 4 20 "male"
"114" 4 4 4 2 2 3 2 2 3 2 5 2 4 3 3 1 4 2 5 4 5 5 4 3 4 1 4 3 5 5 2 5 20 "female"
"115" 5 2 2 2 1 5 3 1 1 1 4 2 5 1 1 3 2 2 3 1 1 2 1 1 2 3 4 2 2 5 1 1 20 "female"
"116" 4 4 4 3 2 5 4 3 2 1 4 5 4 3 2 4 3 4 4 1 1 3 4 1 2 1 2 4 3 5 4 2 19 "female"
"117" 4 5 3 3 5 5 5 1 3 5 5 5 5 1 1 1 5 5 5 5 5 5 1 3 5 1 2 5 5 5 5 5 15 "female"
"118" 4 3 2 1 1 4 2 1 5 4 3 2 3 5 2 1 3 5 3 2 1 1 2 1 1 1 5 3 1 5 1 5 20 "female"
"119" 5 3 5 2 1 5 4 4 1 1 5 5 4 2 5 1 4 3 4 2 1 4 5 3 2 4 5 4 4 5 3 1 19 "female"
"120" 1 3 4 1 1 5 4 1 1 1 1 1 4 1 1 4 1 1 5 2 1 1 5 1 1 2 4 4 3 5 5 3 18 "male"
"121" 1 5 2 4 1 5 3 2 4 1 4 5 5 3 2 1 1 2 3 1 1 1 2 1 1 3 2 4 2 3 3 5 15 "female"
"122" 4 1 1 1 1 2 1 1 3 1 5 3 4 2 1 1 5 5 5 5 5 3 3 4 3 1 3 1 5 4 1 4 20 "female"
"123" 3 3 3 1 2 3 3 3 3 3 3 3 3 4 3 3 3 1 3 3 2 1 1 3 3 2 2 4 4 4 4 4 16 "female"
"124" 5 2 1 3 2 4 4 1 3 1 4 4 5 2 5 4 4 2 4 1 3 1 4 4 2 3 2 5 4 5 1 5 18 "male"
"125" 4 2 5 2 4 5 4 3 5 5 3 3 3 5 2 2 1 5 3 4 1 2 5 5 4 1 3 5 5 5 3 3 21 "male"
"126" 2 3 2 1 1 3 1 2 5 4 5 3 5 5 1 1 1 5 5 2 5 3 2 4 1 2 3 2 2 4 1 3 20 "female"
"127" 1 3 1 2 1 4 3 1 3 2 3 1 4 1 3 1 4 3 5 5 5 3 2 4 2 4 4 2 3 5 3 5 19 "female"
"128" 5 4 3 2 2 3 1 1 1 1 4 3 5 2 2 3 5 5 5 1 4 3 2 1 1 2 3 2 4 4 5 5 19 "female"
"129" 3 5 1 5 5 5 5 5 3 4 4 1 5 1 1 1 1 1 5 1 1 1 1 3 1 1 1 5 3 3 1 5 19 "female"
"130" 3 4 1 1 4 5 5 1 5 5 2 3 3 5 1 1 4 1 5 3 3 1 4 4 1 1 3 5 4 5 3 3 21 "male"
"131" 5 3 5 1 1 5 5 3 2 1 4 4 5 3 5 4 2 5 5 1 1 1 5 5 1 2 4 3 4 5 2 4 21 "male"
"132" 4 2 3 5 5 5 4 2 2 3 5 5 4 2 2 2 1 3 5 1 1 3 4 1 1 1 1 5 2 2 2 3 18 "male"
"133" 3 4 3 4 4 5 5 3 3 4 1 4 4 3 3 1 2 5 4 3 2 3 3 4 1 2 2 4 2 3 2 1 20 "male"
"134" 2 3 1 5 5 3 5 3 2 3 2 3 3 2 1 2 1 3 4 1 1 1 2 3 1 1 2 4 2 3 3 1 19 "male"
"135" 2 3 4 3 3 4 4 5 2 2 4 4 4 2 1 3 3 1 4 1 1 1 5 4 1 2 3 5 3 5 3 1 22 "female"
"136" 4 4 4 2 2 3 3 1 2 1 3 4 2 3 2 2 3 4 2 1 1 1 4 5 1 4 2 3 4 5 2 3 20 "male"
"137" 5 5 5 2 1 4 2 5 2 2 2 3 5 5 3 1 1 2 1 1 1 5 3 5 1 1 3 4 2 5 4 4 25 "male"
"138" 5 3 5 1 2 4 2 3 2 1 4 2 3 2 2 4 3 4 3 1 1 1 3 3 2 4 5 4 2 3 2 1 21 "female"
"139" 5 1 5 3 4 5 5 5 2 2 1 5 5 2 4 2 1 2 3 1 3 1 1 1 1 1 2 5 1 5 1 3 24 "male"
"140" 4 5 2 3 2 3 2 1 4 3 4 3 5 4 5 2 3 1 3 4 5 4 3 3 3 2 3 4 3 3 4 4 19 "female"
"141" 5 2 4 1 1 5 2 1 1 1 5 4 5 1 5 1 1 3 3 1 1 1 3 2 1 1 4 1 1 4 1 4 25 "male"
"142" 3 4 3 2 2 4 4 2 2 2 4 3 2 2 2 2 2 4 5 1 1 1 3 1 1 2 2 3 2 5 4 2 26 "male"
"143" 1 2 1 3 2 5 3 1 3 3 4 4 4 2 1 1 4 1 5 2 5 4 5 5 3 4 5 4 4 5 2 5 15 "female"
"144" 4 4 4 3 2 4 3 4 4 2 4 5 4 3 3 3 3 4 5 3 4 2 5 4 3 2 2 3 4 5 5 5 20 "male"
"145" 4 3 5 5 4 5 4 5 2 3 1 5 4 1 2 4 3 1 2 4 5 4 5 5 1 1 1 4 2 5 4 1 19 "male"
"146" 2 2 1 1 1 4 2 1 5 5 5 2 4 4 1 1 2 1 3 1 1 4 4 2 3 4 5 3 2 5 3 5 20 "female"
"147" 5 3 3 1 1 5 2 2 1 1 3 5 5 1 3 4 1 2 3 1 1 1 1 5 1 1 1 2 1 3 2 2 21 "male"
"148" 5 5 3 1 1 5 3 3 3 3 2 2 2 2 1 1 1 5 1 2 1 1 1 1 1 1 1 1 1 3 1 1 22 "male"
"149" 3 3 2 1 1 4 4 1 2 1 4 1 4 1 2 1 3 2 1 1 1 4 1 3 2 5 5 1 4 4 1 4 20 "male"
"150" 3 4 5 2 1 5 4 4 1 1 5 4 5 2 5 2 4 3 5 4 4 2 2 2 1 2 5 4 5 5 4 2 20 "female"
"151" 2 2 2 2 2 2 2 3 2 4 4 3 4 2 1 1 3 1 4 1 3 1 2 5 1 1 2 3 4 4 3 1 21 "female"
"152" 3 3 3 1 2 4 3 3 3 2 1 3 1 2 2 2 1 1 2 1 1 1 5 2 1 1 2 4 1 3 2 4 21 "male"
"153" 3 4 4 1 1 5 5 5 1 1 4 3 3 1 5 2 1 1 1 1 1 4 4 4 1 3 4 5 3 5 5 1 20 "female"
"154" 4 2 2 1 1 3 1 1 2 1 5 3 5 1 2 1 4 2 3 1 4 4 1 1 1 1 3 1 5 4 3 4 19 "female"
"155" 5 4 5 5 3 3 1 5 4 1 3 5 4 4 4 1 2 3 5 2 5 3 3 5 1 1 1 1 3 5 3 4 19 "male"
"156" 4 4 4 1 1 5 5 5 1 1 4 3 3 1 5 1 1 1 1 1 1 4 4 4 1 4 4 5 3 5 4 1 20 "male"
"157" 5 4 4 3 3 5 5 2 2 2 2 5 4 2 3 2 2 1 4 1 1 5 5 2 1 1 1 5 3 5 2 3 22 "male"
"158" 3 2 1 4 2 5 5 2 2 3 1 2 4 2 1 5 1 1 4 1 1 2 4 3 1 1 4 5 3 5 2 5 21 "male"
"159" 1 5 1 1 1 4 1 1 3 1 5 1 5 5 1 5 1 1 4 1 5 1 5 4 2 3 1 1 3 3 3 5 17 "female"
"160" 1 1 1 5 4 5 5 4 1 2 1 1 3 1 2 5 3 1 5 2 2 1 1 5 1 1 3 4 3 4 3 4 22 "male"
"161" 4 4 1 3 3 3 3 1 3 3 4 3 5 3 1 1 2 3 3 1 1 4 1 1 3 2 3 3 3 3 1 3 20 "female"
"162" 5 5 3 2 2 5 3 2 4 2 2 2 4 3 3 1 4 4 5 3 4 2 2 3 2 1 4 4 2 3 4 4 22 "male"
"163" 4 5 5 4 3 5 3 5 1 1 5 4 4 1 1 5 1 1 1 1 1 1 1 1 1 1 5 4 4 5 5 1 21 "male"
"164" 3 2 3 2 2 4 2 2 5 4 4 2 4 5 2 2 3 2 4 1 1 1 3 4 2 2 5 5 5 5 3 5 19 "female"
"165" 5 5 5 2 2 4 1 2 4 2 5 5 3 3 1 1 4 1 5 3 1 3 3 5 3 1 3 5 4 5 5 5 20 "male"
"166" 3 3 1 1 1 3 1 1 1 1 5 3 2 1 1 1 5 3 1 2 1 5 2 2 1 1 3 2 5 3 1 2 21 "female"
"167" 2 5 2 5 2 3 2 1 5 1 5 2 3 1 2 2 3 5 5 1 2 1 5 3 5 1 3 2 5 5 4 5 19 "female"
"168" 3 3 3 1 1 2 1 4 1 1 5 3 2 1 2 1 2 3 4 3 2 1 3 4 4 3 4 1 4 4 2 4 29 "female"
"169" 5 3 1 1 1 5 2 1 1 1 3 2 2 1 1 1 2 1 2 1 1 3 2 1 1 2 1 2 1 2 3 2 22 "female"
"170" 4 3 2 3 1 5 3 3 1 1 5 2 5 1 2 1 2 2 4 3 1 1 2 3 1 1 2 3 1 3 3 1 17 "female"
"171" 3 3 2 5 3 5 4 3 5 4 5 3 3 4 1 2 1 1 2 1 1 1 4 5 4 1 3 3 2 4 4 2 16 "female"
"172" 3 4 1 1 1 4 4 1 1 1 3 2 1 1 1 1 5 1 3 4 5 1 2 2 4 3 2 1 5 4 1 2 29 "female"
"173" 3 3 2 1 1 5 4 4 3 1 3 2 5 1 2 1 2 1 3 4 1 5 2 4 1 5 4 1 2 5 2 5 18 "female"
"174" 3 3 1 1 3 3 2 1 3 1 4 2 2 2 1 1 3 3 4 1 3 4 4 4 4 1 2 3 3 5 1 5 26 "male"
"175" 2 3 2 1 1 4 4 4 1 1 4 3 4 1 3 3 3 1 3 1 5 3 5 2 1 1 2 4 2 4 4 1 19 "male"
"176" 3 3 2 1 1 5 5 3 3 1 2 5 4 3 3 4 2 2 3 2 2 3 4 4 3 4 4 5 3 4 3 1 19 "male"
"177" 4 4 2 1 1 5 3 3 3 1 4 4 5 4 2 3 2 1 5 3 1 1 5 5 1 2 3 3 3 5 4 1 20 "female"
"178" 2 1 1 1 1 4 2 4 1 1 1 4 3 1 1 3 1 1 5 5 1 1 5 1 1 2 4 1 4 5 1 4 22 "female"
"179" 4 3 2 1 1 3 4 1 1 1 2 1 3 1 1 4 1 1 4 1 3 1 2 4 1 1 2 3 1 5 3 4 20 "male"
"180" 3 2 3 1 3 5 5 3 1 1 3 4 4 2 2 3 2 1 1 1 1 1 5 2 1 1 2 4 2 2 2 5 21 "male"
"181" 2 2 1 3 2 5 4 3 5 5 3 1 4 5 3 4 3 2 3 5 1 1 4 3 3 1 4 1 2 5 4 3 19 "female"
"182" 1 2 1 4 3 5 4 3 1 2 5 2 2 1 1 1 1 1 3 1 3 1 1 1 1 1 1 4 4 4 1 3 24 "female"
"183" 5 4 1 1 2 2 2 1 4 4 5 3 5 5 1 1 4 4 4 4 3 5 1 4 4 1 1 4 5 5 1 2 19 "female"
"184" 5 3 5 4 4 4 4 2 2 4 5 3 5 3 5 4 5 3 4 1 3 3 3 3 1 1 1 4 5 4 3 3 25 "male"
"185" 5 2 4 1 1 4 2 2 3 2 5 5 4 3 5 4 2 2 4 2 1 2 5 5 2 3 3 4 3 4 2 5 20 "female"
"186" 3 3 3 1 1 2 1 1 3 2 3 3 4 2 1 3 5 1 4 2 3 2 3 5 1 4 5 3 2 5 5 5 19 "female"
"187" 4 4 4 4 3 4 5 3 2 2 4 5 3 2 4 3 3 4 4 1 1 1 5 5 1 1 1 4 4 5 4 3 21 "male"
"188" 5 4 5 4 5 4 5 4 5 4 5 4 5 4 5 4 5 4 5 4 2 3 2 5 5 5 5 4 4 5 4 5 23 "male"
"189" 1 3 2 1 1 5 5 4 1 1 3 2 5 1 1 3 1 1 3 5 1 1 3 5 1 5 5 1 4 5 3 4 21 "female"
"190" 5 3 4 5 5 5 5 4 3 3 5 4 4 3 4 3 5 1 5 2 5 5 5 1 4 1 4 4 5 5 2 1 20 "male"
"191" 3 3 3 3 4 5 4 4 5 5 5 4 5 5 4 5 3 3 5 2 1 1 3 3 3 4 4 5 4 5 4 4 20 "female"
"192" 4 3 3 3 3 4 3 2 5 5 4 5 5 5 4 4 4 2 2 1 1 2 2 3 2 4 4 5 4 4 2 3 18 "female"
"193" 3 1 1 1 1 3 1 1 1 1 1 3 1 1 1 3 1 1 3 5 1 1 5 5 1 3 3 1 1 5 4 1 27 "male"
"194" 3 3 2 3 4 4 1 1 4 4 3 1 3 5 3 1 2 1 3 1 1 1 1 3 1 1 4 1 2 4 3 1 17 "female"
"195" 2 3 1 2 1 5 4 3 2 2 5 5 5 1 2 1 4 3 4 3 4 3 3 2 2 2 2 2 5 5 4 5 19 "female"
"196" 2 1 5 2 4 5 4 2 5 5 3 3 5 5 3 4 1 2 4 5 5 1 2 4 1 3 3 5 3 5 4 5 18 "male"
"197" 3 3 1 1 1 3 4 1 5 5 3 1 5 3 2 4 3 2 4 2 5 1 5 5 3 1 3 4 2 5 3 5 18 "male"
"198" 3 4 1 4 4 5 5 3 2 1 3 5 5 3 3 4 4 1 5 1 5 3 3 5 3 1 2 5 3 5 4 4 30 "male"
"199" 2 3 1 2 2 3 2 2 1 1 3 3 3 1 1 1 1 2 4 1 1 2 4 2 3 3 4 3 2 3 1 1 24 "female"
"200" 4 5 2 3 2 5 3 2 5 3 5 3 4 2 2 2 3 3 4 5 4 4 5 5 2 2 3 3 3 5 5 5 20 "female"
"201" 2 4 3 1 3 5 4 4 1 1 1 1 2 1 1 2 1 3 1 1 1 1 4 1 1 1 2 4 2 3 1 1 20 "male"
"202" 3 3 4 4 4 5 4 4 2 2 4 4 4 3 2 5 3 3 4 3 3 1 4 2 1 1 2 5 3 5 4 3 20 "male"
"203" 5 4 3 3 4 4 4 2 4 4 5 5 5 4 3 4 4 4 4 1 1 2 4 2 1 1 3 3 5 3 1 3 19 "female"
"204" 3 3 2 3 3 3 3 3 4 5 4 3 4 4 2 1 5 3 5 4 4 1 4 2 4 1 2 4 4 5 2 5 20 "female"
"205" 2 1 1 4 2 5 5 2 3 2 1 5 3 2 2 2 2 2 5 2 4 1 5 3 2 1 2 4 2 4 5 1 21 "male"
"206" 4 4 4 3 1 4 2 5 2 2 5 4 5 2 1 2 3 3 4 5 1 1 5 4 1 3 5 3 3 5 3 4 19 "female"
"207" 2 4 2 2 1 5 3 4 2 1 3 4 5 4 4 3 2 1 5 5 4 3 4 2 4 5 5 2 3 5 2 5 19 "female"
"208" 1 2 4 4 1 5 4 5 1 1 1 5 5 1 3 1 1 1 5 2 5 1 5 2 3 2 4 2 1 5 1 1 19 "female"
"209" 1 4 1 1 1 4 2 2 4 4 4 1 3 3 2 2 2 2 4 4 1 3 5 5 3 3 3 2 3 4 3 5 18 "female"
"210" 1 1 1 5 4 5 2 5 2 2 1 1 2 1 3 3 1 1 2 2 1 1 4 2 3 3 5 2 1 5 3 5 18 "female"
"211" 5 5 4 1 1 5 1 1 2 3 5 4 4 1 5 2 1 5 2 1 1 3 5 1 3 1 5 1 4 5 1 3 16 "female"
"212" 5 4 5 3 2 5 3 2 3 4 5 2 5 2 5 2 5 2 2 2 2 2 4 4 3 2 5 5 5 5 1 5 19 "female"
"213" 2 2 3 4 1 4 1 5 1 1 4 5 5 2 1 4 2 1 4 4 2 1 5 2 1 2 4 3 2 5 5 5 18 "female"
"214" 2 3 2 2 2 4 2 4 2 1 1 2 5 1 1 2 1 1 3 2 1 1 2 2 1 3 5 3 3 5 1 3 19 "female"
"215" 4 2 4 1 2 3 1 3 4 2 4 4 3 2 3 2 4 2 3 3 2 3 2 4 3 1 4 3 4 4 3 4 21 "female"
"216" 3 3 5 2 2 5 5 4 2 2 1 3 3 2 4 5 3 1 3 1 1 1 5 5 2 3 2 3 2 4 5 3 21 "male"
"217" 3 4 4 4 5 4 3 1 2 1 2 2 5 3 5 4 3 1 2 1 1 2 5 3 1 5 5 3 4 5 3 5 18 "female"
"218" 3 3 2 1 1 4 3 4 2 1 4 1 5 2 2 1 5 4 3 2 2 2 2 2 2 2 5 2 5 5 1 2 21 "female"
"219" 4 5 2 4 1 4 3 2 5 3 5 2 5 5 1 1 2 2 2 1 1 4 2 1 4 3 2 5 3 2 1 1 17 "female"
"220" 1 5 2 1 1 5 1 1 3 1 5 1 3 3 1 1 1 1 2 1 1 1 2 3 1 5 5 1 4 5 1 5 20 "female"
"221" 3 5 2 1 1 2 1 3 1 1 5 5 3 1 1 1 5 1 5 2 1 5 5 5 2 2 2 3 5 5 5 5 19 "female"
"222" 5 3 2 5 4 5 5 4 1 1 1 2 1 1 5 3 1 1 1 1 1 1 1 5 1 1 5 4 2 5 3 5 27 "male"
"223" 5 5 3 2 2 4 2 3 2 2 5 2 5 3 5 1 3 1 2 3 4 1 2 2 1 1 4 3 4 5 4 3 19 "female"
"224" 4 4 2 1 1 5 3 1 5 5 3 3 2 5 1 1 2 5 5 3 3 3 5 3 2 1 4 4 3 5 5 5 19 "female"
"225" 1 1 2 1 1 4 3 4 1 1 5 2 4 1 1 1 1 2 4 3 1 2 5 3 1 4 5 1 3 5 4 1 20 "female"
"226" 2 2 2 1 1 5 4 2 5 5 4 1 4 4 1 2 3 2 4 1 3 1 5 4 3 1 4 4 4 5 1 5 19 "female"
"227" 3 4 2 1 1 5 4 2 1 1 5 3 5 2 1 2 2 2 4 3 3 5 5 3 5 3 5 3 3 5 2 5 20 "female"
"228" 1 3 1 1 5 5 5 1 3 1 1 1 2 2 1 5 1 5 5 2 1 1 5 2 5 2 5 5 1 5 1 1 17 "female"
"229" 2 4 3 2 1 5 3 4 1 1 2 1 2 5 3 3 1 1 3 1 1 1 4 1 3 5 5 1 2 5 1 5 23 "female"
"230" 2 5 1 2 2 4 2 1 4 4 5 3 5 4 1 1 4 5 5 3 5 5 3 5 1 1 1 4 5 5 4 3 20 "female"
"231" 3 2 2 1 1 5 2 3 1 1 2 2 2 1 3 3 1 1 2 3 2 1 1 5 1 5 5 1 1 5 3 1 20 "female"
"232" 4 2 4 5 3 5 5 2 2 2 1 3 4 1 1 5 2 4 5 2 2 1 5 5 1 3 3 5 3 5 4 1 19 "male"
"233" 2 2 2 4 4 5 3 1 1 1 5 5 3 1 1 1 1 3 5 1 3 1 4 2 1 1 1 4 3 5 1 2 20 "female"
"234" 3 2 4 4 2 5 5 5 2 1 5 1 5 1 4 2 3 2 5 5 4 5 2 5 4 4 5 2 2 5 3 5 18 "female"
"235" 1 4 2 3 2 3 2 3 4 1 3 3 5 2 4 3 3 1 2 2 1 3 5 4 2 2 5 1 3 5 2 3 15 "female"
"236" 2 2 2 2 2 5 5 2 5 5 3 2 3 5 3 3 4 1 3 1 1 1 1 5 3 3 3 5 5 5 4 5 19 "female"
"237" 1 1 1 2 1 5 5 1 2 2 3 1 3 2 2 1 1 1 1 1 1 1 3 1 1 3 4 1 2 5 1 5 15 "female"
"238" 3 3 1 4 3 4 4 4 3 1 5 5 5 2 1 3 3 1 4 3 2 1 2 4 3 3 4 3 3 5 4 4 19 "female"
"239" 4 4 4 3 4 3 2 2 3 2 5 2 4 2 2 1 3 4 5 4 4 2 3 3 1 1 3 4 5 5 4 5 21 "female"
"240" 1 2 2 5 3 5 2 1 5 5 1 1 4 3 1 1 1 1 4 5 1 1 5 2 4 2 5 4 1 5 3 5 19 "female"
"241" 3 3 3 2 2 3 2 1 5 4 5 3 5 5 4 1 2 5 4 1 2 2 1 1 2 1 2 5 2 4 3 3 17 "female"
"242" 4 1 3 2 1 4 4 2 2 1 4 3 3 2 2 5 2 1 4 3 1 1 4 5 1 4 4 3 3 5 5 5 24 "male"
"243" 3 4 2 3 2 3 1 1 5 5 5 3 4 5 1 1 5 3 5 1 1 2 1 2 2 1 2 4 5 5 1 5 19 "female"
"244" 3 4 3 2 1 5 4 4 3 2 4 4 5 3 4 2 4 1 4 3 3 2 4 4 1 2 4 4 3 5 5 1 19 "female"
"245" 5 5 5 1 1 3 3 3 1 1 4 2 2 2 5 4 3 1 5 4 2 4 2 4 5 1 1 4 4 5 3 4 22 "female"
"246" 5 5 4 2 2 5 5 3 2 2 5 3 5 2 3 3 5 3 2 3 2 5 4 2 2 4 5 4 5 5 1 2 20 "female"
"247" 4 1 1 3 1 5 1 4 1 1 4 1 4 1 2 1 1 3 4 2 4 1 5 2 1 2 4 1 3 5 5 1 21 "female"
"248" 5 3 4 2 2 5 5 4 1 1 2 2 5 2 4 3 1 1 1 1 1 1 4 5 1 1 2 3 2 5 2 1 19 "male"
"249" 4 3 3 3 3 5 3 2 5 5 5 5 4 3 2 4 3 2 5 2 1 1 1 5 5 3 2 5 2 5 5 5 19 "male"
"250" 3 4 2 1 2 4 2 2 3 1 3 1 3 3 2 2 3 3 4 5 4 5 5 5 1 2 5 2 5 4 3 4 18 "female"
"251" 2 3 3 1 4 4 3 1 5 5 2 4 4 5 1 4 3 1 4 3 5 1 5 1 1 1 2 4 2 5 1 5 19 "male"
"252" 1 3 2 1 1 4 1 5 2 1 1 1 3 1 1 4 1 1 4 1 1 1 2 1 1 2 4 2 3 4 1 5 20 "female"
"253" 2 2 2 5 3 5 5 4 3 2 1 3 4 3 2 3 2 1 4 2 2 1 5 5 3 2 2 5 3 4 5 1 22 "male"
"254" 2 1 1 4 1 5 4 5 1 1 1 4 3 1 1 4 1 1 5 1 1 1 5 5 3 2 1 2 1 3 5 4 20 "male"
"255" 2 3 2 2 1 4 2 2 5 4 5 2 5 5 1 1 4 4 2 3 1 2 4 2 1 2 4 3 3 5 1 5 20 "female"
"256" 4 4 1 1 1 4 4 2 2 1 3 3 5 2 2 4 5 1 5 2 1 1 3 5 2 3 5 3 4 5 2 5 27 "female"
"257" 4 3 3 1 1 4 2 4 4 2 4 4 4 3 2 2 3 2 3 2 2 1 3 4 2 2 4 3 3 5 2 4 19 "female"
"258" 5 2 5 1 2 4 4 4 2 2 2 4 4 3 5 3 1 1 4 1 2 1 5 4 1 2 2 3 4 5 5 4 19 "male"
"259" 4 3 3 1 1 1 1 1 5 5 5 3 4 5 3 1 5 5 3 3 1 5 3 4 1 1 5 5 5 5 4 2 20 "female"
"260" 4 3 3 2 1 4 1 5 3 1 4 3 4 1 3 3 2 3 3 1 1 1 3 5 1 1 2 3 4 4 4 3 20 "male"
"261" 3 4 3 1 1 5 2 2 1 1 5 4 5 1 2 1 3 1 2 3 1 4 1 2 1 5 5 4 5 5 3 5 21 "female"
"262" 4 1 1 5 5 5 4 2 3 1 5 2 5 1 1 1 3 1 4 1 3 3 1 2 1 1 2 4 4 5 2 5 16 "female"
"263" 5 5 4 1 1 3 1 5 3 1 3 4 5 2 4 2 4 1 3 4 1 1 3 4 1 1 3 2 3 3 2 5 19 "female"
"264" 3 3 3 1 1 2 1 3 4 1 3 4 4 2 2 2 2 4 5 2 1 1 4 5 1 2 5 3 2 4 4 5 18 "female"
"265" 4 2 3 4 3 5 5 2 1 1 2 4 5 1 1 5 2 1 1 1 1 1 5 5 1 1 2 5 1 5 5 4 23 "male"
"266" 1 4 1 3 3 5 3 1 4 4 5 1 3 5 1 2 3 4 3 1 2 3 4 1 3 1 1 3 2 5 2 3 19 "male"
"267" 3 5 3 1 1 3 2 1 1 1 5 2 4 2 1 1 3 2 5 5 1 5 1 5 2 2 3 2 1 5 3 5 19 "female"
"268" 3 4 3 1 1 4 3 3 2 1 1 2 4 3 2 3 3 1 3 2 3 1 5 2 1 2 4 2 3 5 1 4 22 "female"
"269" 5 5 2 2 4 3 4 1 2 3 4 4 1 2 2 2 3 2 4 1 1 2 2 1 2 1 2 5 4 4 1 3 20 "male"
"270" 4 2 2 5 2 4 4 5 2 2 5 4 4 3 3 4 1 1 4 4 1 1 5 4 4 4 5 3 3 3 1 5 25 "female"
"271" 4 5 4 1 1 3 1 4 3 1 5 2 4 2 4 1 1 2 1 3 1 1 2 3 3 1 4 3 1 5 1 1 18 "female"
"272" 5 5 5 4 2 5 2 2 2 1 4 4 5 1 2 1 3 3 5 4 5 2 3 3 1 3 3 3 3 5 4 5 20 "female"
"273" 3 4 1 4 1 5 5 3 3 1 1 5 4 1 3 5 2 2 3 4 4 1 5 5 2 2 5 5 4 5 5 5 15 "female"
"274" 2 2 2 5 3 5 5 1 5 4 5 2 5 5 1 1 2 2 5 1 5 5 5 4 2 1 1 5 1 2 1 1 19 "female"
"275" 3 4 4 2 2 3 3 3 5 2 1 4 4 4 4 4 2 2 4 4 1 1 5 5 2 3 4 4 2 5 4 3 19 "female"
"276" 2 3 1 3 3 3 3 1 3 3 4 2 4 2 1 2 3 1 3 5 1 1 2 4 5 1 5 3 4 5 4 1 16 "female"
"277" 1 1 1 2 2 4 4 2 5 5 1 2 2 5 1 5 1 2 2 2 1 1 3 3 2 2 4 3 2 4 4 5 19 "male"
"278" 5 3 3 3 1 4 3 5 4 3 5 5 5 2 2 4 3 3 3 3 3 2 5 4 2 3 4 3 5 5 5 2 18 "female"
"279" 2 1 1 2 2 3 3 1 1 2 1 3 1 1 1 3 1 1 1 1 1 1 5 5 1 1 1 2 1 4 2 3 15 "male"
"280" 5 4 2 5 5 5 5 2 3 2 3 5 5 3 3 5 5 4 5 2 5 4 5 5 2 3 3 5 4 5 5 5 20 "male"
"281" 4 2 2 1 1 5 3 4 1 1 2 4 3 1 1 2 2 3 2 2 1 1 5 3 1 4 5 4 3 5 1 1 20 "male"
"282" 3 2 2 2 2 4 2 1 5 4 1 2 1 2 3 2 3 1 4 4 1 1 4 4 4 4 5 3 2 5 4 5 20 "female"
"283" 1 1 1 3 3 3 4 2 2 2 3 3 3 2 1 4 1 1 3 3 1 1 5 5 1 2 2 5 1 5 3 5 19 "male"
"284" 3 5 4 1 1 5 2 4 2 1 5 4 5 2 2 2 3 5 5 3 1 3 4 1 1 4 3 3 5 5 3 3 18 "female"
"285" 5 2 5 1 1 2 2 2 1 1 3 5 3 1 5 3 3 2 4 2 5 1 4 5 2 3 4 2 2 4 3 5 18 "female"
"286" 2 4 3 3 3 4 4 2 5 5 1 1 3 5 1 1 1 4 3 1 3 1 5 4 4 3 4 5 2 4 2 5 20 "male"
"287" 1 2 2 2 2 3 3 4 4 2 2 3 3 4 2 1 2 4 4 2 2 1 3 1 1 4 4 2 3 5 4 3 18 "female"
"288" 5 3 3 1 3 5 3 3 5 5 3 5 4 5 2 5 3 3 4 3 3 2 5 5 5 2 3 5 2 5 5 5 19 "male"
"289" 4 4 4 4 1 3 1 5 1 1 1 3 3 2 2 1 1 1 4 1 1 1 4 3 3 3 2 1 2 5 2 4 19 "female"
"290" 3 3 1 2 1 5 5 5 1 1 5 4 4 2 2 4 3 1 4 1 1 3 4 2 2 5 4 4 3 2 2 5 20 "female"
"291" 3 2 2 2 1 4 4 4 3 2 1 2 3 2 1 3 1 2 4 3 1 1 5 3 2 5 5 3 2 5 2 4 17 "female"
"292" 2 3 2 3 5 5 2 1 5 2 4 3 3 5 2 5 3 3 3 5 3 4 1 5 4 3 2 4 3 5 5 5 17 "male"
"293" 3 3 2 4 4 5 2 1 5 5 5 3 3 5 2 2 2 5 5 4 1 4 5 3 3 1 3 3 4 3 1 5 22 "female"
"294" 5 3 3 3 2 5 3 2 3 3 5 5 3 3 2 2 3 3 3 2 5 4 5 5 3 2 4 3 3 5 3 5 16 "female"
"295" 4 4 3 1 1 5 4 3 1 1 5 5 5 2 2 1 1 1 5 1 1 1 3 2 2 2 4 3 4 5 3 2 24 "female"
"296" 5 2 2 3 2 3 5 4 3 3 2 2 2 2 2 5 3 4 4 4 4 2 3 5 2 2 3 5 5 5 4 3 17 "male"
"297" 1 1 3 5 5 3 4 1 3 5 1 3 3 4 1 2 1 1 4 1 1 1 1 1 2 3 2 5 1 4 1 4 17 "male"
"298" 3 3 4 4 5 3 3 5 1 1 1 1 1 1 4 5 1 3 5 2 1 1 1 5 4 4 1 5 2 5 5 5 17 "male"
"299" 2 2 1 3 1 5 2 4 2 1 3 1 3 1 2 1 4 5 5 5 5 2 4 2 1 4 5 4 5 5 4 1 15 "female"
"300" 5 2 5 1 1 2 2 3 1 1 3 5 3 2 5 3 2 2 4 2 5 1 4 5 2 3 4 2 2 3 2 5 18 "female"
"301" 5 3 4 1 2 3 1 1 2 2 5 4 4 2 3 1 1 5 3 1 2 5 2 1 1 2 1 4 2 4 2 1 18 "female"
"302" 3 3 2 1 1 5 5 1 1 1 1 1 3 1 1 4 3 1 3 5 3 4 5 5 3 4 5 5 1 5 5 2 16 "male"
"303" 2 3 2 4 3 3 3 4 2 3 2 4 3 1 1 1 3 1 2 4 2 1 5 3 1 2 3 2 3 5 4 5 20 "female"
"304" 2 3 1 1 1 3 3 3 5 3 5 2 4 2 2 1 3 1 5 5 2 1 3 4 5 2 3 3 3 4 1 5 29 "female"
"305" 1 1 4 1 1 4 2 5 1 1 1 2 3 1 1 1 1 1 4 1 3 1 5 2 4 5 4 1 1 4 1 1 24 "female"
"306" 3 3 1 3 1 4 1 5 1 2 4 4 5 1 3 3 3 1 4 1 1 1 5 2 3 3 3 2 2 4 3 4 18 "female"
"307" 5 5 2 1 1 5 4 1 1 1 3 4 1 1 1 4 3 1 3 1 1 1 5 3 1 2 3 2 1 5 3 5 17 "male"
"308" 2 2 1 2 2 5 5 4 1 1 1 2 4 1 1 2 1 1 3 1 1 1 3 5 1 3 2 4 1 4 5 1 18 "male"
"309" 3 2 1 3 3 4 4 1 4 4 4 4 2 3 1 1 2 1 5 5 5 1 1 5 5 1 4 4 5 5 4 4 16 "male"
"310" 2 2 1 2 2 5 5 1 1 1 1 1 1 1 1 4 1 1 1 1 1 1 4 3 1 1 1 5 1 5 3 3 20 "male"
"311" 3 3 2 5 4 5 3 2 5 5 4 4 5 5 2 2 2 3 5 3 4 1 5 5 4 4 5 3 3 5 4 5 16 "female"
"312" 1 1 1 1 5 5 3 1 5 5 1 2 3 5 1 3 1 1 5 1 1 1 5 1 3 1 1 2 1 5 5 2 19 "male"
"313" 4 4 4 2 2 2 2 4 2 2 5 4 5 2 4 3 4 2 2 2 4 3 1 3 2 2 4 2 5 5 3 3 18 "female"
"314" 3 4 4 4 4 4 3 4 5 2 5 3 4 3 3 3 4 5 5 3 5 4 1 4 3 4 5 4 5 5 1 4 20 "female"
"315" 5 2 4 5 5 5 4 4 2 2 2 4 4 2 2 3 1 1 3 1 1 1 5 3 1 3 1 5 2 4 2 3 18 "male"
"316" 1 3 1 3 2 3 3 2 4 3 1 1 3 3 2 4 2 1 3 1 3 1 5 5 2 1 3 2 3 3 3 5 21 "male"
"317" 5 2 2 2 2 4 4 1 1 2 2 4 3 1 1 1 1 2 4 2 2 1 3 4 2 3 2 2 2 4 1 5 19 "male"
"318" 5 2 2 1 1 3 1 1 2 1 5 1 5 2 2 3 3 1 3 1 1 1 1 5 1 3 5 2 3 5 1 5 20 "female"
"319" 4 5 1 1 2 4 5 3 2 2 4 1 5 3 1 4 5 5 5 4 5 4 3 5 2 1 3 3 5 5 3 5 19 "female"
"320" 5 4 1 1 1 3 2 1 1 1 5 4 5 2 1 3 1 2 2 2 5 2 1 4 1 2 1 4 5 5 5 3 19 "female"
"321" 3 3 2 2 1 4 4 5 1 1 1 4 3 1 1 2 2 1 2 1 1 1 5 5 1 3 4 3 2 4 4 1 20 "male"
"322" 5 1 2 1 1 4 5 2 1 1 3 3 4 1 2 5 1 3 4 2 1 1 5 5 1 1 2 4 3 5 5 3 20 "male"
"323" 4 3 4 4 3 5 4 3 4 2 3 3 2 3 3 5 2 1 5 1 2 1 3 5 3 3 3 3 2 3 5 5 17 "male"
"324" 4 4 2 2 1 5 2 2 5 4 5 4 5 5 1 2 2 1 5 4 2 1 3 3 3 1 5 3 3 5 3 5 19 "female"
"325" 2 5 1 5 3 3 3 3 5 5 5 2 3 5 2 2 3 5 5 5 5 3 2 5 3 1 3 3 3 5 2 3 19 "female"
"326" 3 3 3 1 3 5 5 5 1 1 1 2 4 1 1 4 2 3 5 1 1 1 1 1 1 1 3 5 1 2 2 1 20 "male"
"327" 2 2 1 1 2 2 1 1 5 5 2 2 3 5 1 2 1 1 4 3 1 1 5 4 1 3 5 4 3 5 5 5 21 "female"
"328" 2 1 1 3 2 5 2 1 5 5 4 2 3 3 1 3 1 1 3 1 1 1 5 5 2 2 3 2 4 3 1 1 20 "female"
"329" 3 5 4 5 4 5 4 5 5 5 5 4 5 5 3 4 5 4 4 2 4 3 5 3 2 1 2 3 4 5 5 4 17 "female"
"330" 4 4 1 5 1 4 1 1 1 1 2 2 3 1 1 1 4 1 5 5 2 1 5 2 2 1 3 1 4 5 5 5 20 "female"
"331" 3 5 4 3 3 5 5 4 3 2 2 3 3 2 4 3 3 4 4 5 5 1 3 5 1 2 3 5 4 4 3 3 25 "male"
"332" 3 4 1 2 1 4 3 2 5 5 2 2 4 4 1 2 1 2 3 4 5 1 3 3 1 4 5 3 2 5 5 4 20 "female"
"333" 5 5 3 2 1 4 2 2 1 1 5 2 4 1 3 2 4 1 1 2 1 1 4 1 1 1 4 3 5 5 2 5 21 "female"
"334" 1 2 2 5 2 5 5 2 1 1 1 4 3 1 1 2 2 1 2 1 2 1 1 4 1 1 2 5 3 5 3 1 22 "male"
"335" 2 5 1 5 1 5 1 1 4 3 5 2 5 3 2 1 4 3 3 1 1 1 4 1 1 1 5 2 4 5 1 1 19 "female"
"336" 3 1 1 3 4 5 5 1 1 1 4 3 4 3 3 4 3 1 5 3 3 1 5 3 1 3 2 5 4 5 5 1 25 "male"
"337" 2 4 3 3 4 4 3 4 3 3 3 3 4 4 1 2 2 3 2 2 3 5 5 3 1 1 4 4 2 4 4 2 19 "female"
"338" 2 4 3 2 2 5 3 3 5 3 4 4 5 5 4 3 3 3 3 3 2 1 4 3 1 5 5 3 3 5 4 5 25 "female"
"339" 3 5 3 4 2 3 4 5 3 1 3 2 5 3 2 2 3 5 4 3 5 5 2 4 3 1 4 3 3 3 3 5 25 "female"
"340" 2 5 1 2 1 5 1 2 4 3 3 4 5 3 1 2 5 1 4 2 4 4 5 5 3 2 5 2 2 4 2 3 21 "female"
"341" 5 3 4 3 2 4 3 5 3 4 4 3 5 3 3 4 2 4 4 2 2 2 3 3 1 2 3 3 3 5 1 2 20 "male"
"342" 4 2 1 4 1 2 1 2 2 1 4 2 3 1 1 1 4 3 5 3 1 1 3 4 1 2 4 1 4 5 2 2 24 "female"
"343" 3 3 2 3 1 3 2 2 2 1 1 2 2 3 2 3 2 2 3 3 1 1 2 1 2 3 4 2 4 5 3 1 30 "female"
"344" 5 2 3 1 1 4 4 1 1 1 1 5 2 1 1 3 1 1 3 1 1 1 1 5 2 1 2 3 1 3 3 3 21 "male"
"345" 1 4 2 4 2 5 5 1 4 1 1 2 2 4 2 4 2 2 3 1 4 2 5 3 1 5 3 3 4 5 1 3 27 "male"
"346" 4 1 1 4 3 5 5 3 2 1 3 3 5 1 1 5 1 1 4 1 1 1 4 5 1 1 3 5 1 5 3 1 21 "male"
"347" 2 3 1 4 3 2 3 1 1 2 2 1 4 1 1 2 3 1 3 1 5 1 2 1 1 2 2 3 4 5 3 1 16 "female"
"348" 5 5 3 4 4 3 4 2 4 2 5 3 4 2 3 1 5 5 5 3 5 2 4 2 3 2 3 4 5 5 2 5 22 "female"
"349" 5 2 3 5 5 5 4 2 5 5 5 5 3 4 2 1 4 2 3 1 1 1 1 1 1 1 2 5 2 4 1 1 19 "male"
"350" 2 4 2 1 1 4 2 1 1 1 4 1 3 2 1 1 1 1 3 1 1 1 2 1 1 1 2 2 5 5 1 1 20 "female"
"351" 2 4 1 2 2 3 4 1 1 1 3 1 3 2 1 3 2 1 3 1 1 2 2 3 2 2 1 1 3 4 5 4 23 "male"
"352" 2 2 1 2 2 4 2 1 5 1 1 4 5 2 1 1 4 5 5 1 5 1 5 3 2 1 3 3 3 5 5 5 20 "female"
"353" 5 4 5 2 3 4 2 4 3 2 4 5 5 2 4 2 3 5 5 2 2 3 1 3 2 2 4 2 3 5 1 3 20 "female"
"354" 1 1 1 1 1 5 5 1 2 1 5 5 5 1 1 4 1 5 5 3 5 1 5 1 1 1 2 1 3 4 1 1 21 "female"
"355" 4 4 4 2 2 4 3 4 3 2 4 3 5 3 4 2 5 3 4 4 1 3 1 3 1 3 4 3 5 5 4 5 19 "female"
"356" 3 3 2 1 1 2 2 1 1 1 3 2 4 2 1 1 3 5 5 3 5 1 3 1 1 1 3 4 5 5 1 1 21 "female"
"357" 1 2 1 3 3 5 3 3 1 1 3 5 3 2 1 3 5 2 5 5 2 2 1 5 1 5 5 3 1 5 4 3 16 "female"
"358" 3 1 1 4 4 5 5 3 1 1 1 1 1 1 1 5 1 1 2 1 5 1 5 5 1 1 5 5 1 5 5 5 20 "male"
"359" 5 4 5 1 1 4 2 4 2 1 3 3 5 2 5 5 2 3 4 4 5 1 1 5 1 2 5 2 4 5 1 3 18 "female"
"360" 4 4 3 1 1 3 1 1 1 1 5 2 3 1 2 1 1 3 5 1 1 1 1 2 1 1 5 1 3 4 1 5 21 "female"
"361" 4 2 2 3 2 3 2 2 2 2 2 4 2 2 2 4 2 3 4 1 1 1 5 4 1 3 2 4 2 5 5 4 21 "male"
"362" 4 5 3 3 1 5 4 4 2 1 5 4 5 1 1 1 3 3 2 1 1 5 1 1 1 1 4 5 4 5 1 3 18 "male"
"363" 1 5 1 1 1 5 1 2 5 5 5 1 5 5 3 1 1 1 3 3 1 1 5 1 1 5 5 1 4 5 5 1 19 "female"
"364" 2 2 1 5 2 4 2 5 3 3 4 3 2 1 2 2 3 3 4 4 4 2 5 2 2 2 3 2 2 5 3 3 20 "female"
"365" 4 4 4 5 3 5 5 2 3 1 2 2 2 3 2 2 4 4 4 1 1 1 3 4 1 1 1 4 3 5 4 5 18 "male"
"366" 1 2 2 1 2 3 1 4 2 1 5 2 5 1 2 1 2 3 3 1 1 1 1 3 3 3 5 3 5 3 2 5 18 "female"
"367" 3 5 2 1 2 3 2 2 4 3 3 1 2 5 4 1 3 5 2 4 2 2 3 1 1 1 1 5 4 4 1 2 23 "female"
"368" 5 3 5 1 1 5 3 1 1 1 5 5 3 2 4 1 3 3 3 1 1 1 3 1 1 2 3 2 4 5 3 2 20 "female"
"369" 5 3 3 4 4 5 5 4 4 2 5 5 3 3 3 2 5 2 4 5 1 5 5 2 3 4 4 4 5 5 2 5 18 "female"
"370" 4 4 2 1 1 5 3 3 1 1 2 2 4 2 2 5 2 1 5 5 2 2 5 5 4 5 5 5 5 5 5 5 28 "female"
"371" 3 4 2 1 1 5 5 3 3 3 5 1 5 1 3 3 5 3 5 5 1 1 1 5 4 5 5 3 5 5 3 5 21 "female"
"372" 1 2 2 1 1 1 1 1 2 1 2 1 2 1 1 1 2 1 3 1 1 1 4 1 1 1 1 1 4 5 1 1 22 "female"
"373" 3 4 1 1 1 3 2 2 1 1 5 2 4 2 1 1 5 3 4 1 1 5 1 1 1 1 2 4 5 5 1 1 19 "male"
"374" 2 3 3 2 1 5 2 3 2 1 5 3 3 2 3 1 4 2 4 4 5 2 5 3 2 5 5 2 4 4 2 5 18 "female"
"375" 4 3 2 2 2 3 2 1 3 2 5 5 5 3 2 1 2 5 5 4 2 1 1 5 3 1 4 3 3 5 4 4 19 "female"
"376" 2 1 2 5 5 5 5 3 3 3 2 3 4 2 1 5 2 2 4 1 1 1 4 1 3 2 2 5 4 5 4 3 19 "male"
"377" 5 5 4 2 3 4 5 2 3 1 4 3 5 2 2 1 3 1 4 1 5 1 4 3 1 1 1 5 3 5 1 3 20 "male"
"378" 3 2 4 5 2 5 4 5 1 1 3 4 4 1 1 1 2 1 1 1 1 1 2 1 1 3 2 4 2 5 2 1 19 "female"
"379" 5 3 2 1 5 4 2 1 5 5 3 4 4 5 3 5 3 1 4 5 1 1 4 5 1 2 4 4 3 5 4 4 18 "male"
"380" 2 2 1 1 3 3 2 1 4 4 1 1 4 5 1 1 1 1 3 2 1 1 3 2 2 3 5 2 4 5 2 5 18 "female"
"381" 2 2 1 2 3 4 3 2 5 5 2 3 2 5 1 4 2 3 3 5 1 1 2 4 1 2 4 4 2 4 1 2 19 "male"
"382" 1 5 2 1 2 4 4 3 2 1 5 2 4 2 1 1 1 2 3 1 1 4 2 1 3 4 3 5 2 4 1 4 18 "female"
"383" 4 3 2 3 1 5 3 5 1 1 2 4 5 2 2 4 1 1 3 1 1 1 5 5 1 3 3 1 1 5 2 1 19 "male"
"384" 4 4 3 1 1 4 3 3 2 1 3 4 4 2 2 3 2 1 3 4 2 1 3 3 2 4 4 3 3 5 3 3 19 "female"
"385" 1 5 2 2 2 2 2 2 5 5 5 4 1 5 1 1 1 1 4 5 1 1 2 5 1 2 3 3 3 5 2 5 19 "female"
"386" 2 2 3 3 2 3 4 2 3 3 2 3 3 2 2 2 4 3 3 2 5 2 3 4 2 4 3 4 4 5 2 5 18 "female"
"387" 5 5 5 3 2 3 1 3 2 1 5 4 5 2 4 1 1 5 3 2 1 1 4 1 1 1 3 2 3 5 4 1 18 "female"
"388" 3 5 4 4 4 4 1 2 4 3 3 3 4 4 1 2 4 2 5 3 1 2 3 4 1 1 2 3 3 5 5 1 19 "female"
"389" 4 2 3 1 1 4 1 5 1 1 4 4 4 1 4 1 1 1 4 5 1 1 4 5 3 5 5 3 2 5 3 5 20 "female"
"390" 1 4 2 3 1 5 2 5 1 1 1 3 3 1 1 3 1 1 1 1 3 1 5 3 1 1 2 2 1 5 3 2 19 "male"
"391" 5 4 5 3 3 3 3 5 5 4 5 5 5 5 4 1 5 5 4 1 4 5 1 1 3 1 1 3 5 3 1 4 26 "female"
"392" 3 3 3 4 1 2 1 5 1 1 4 1 5 1 4 3 2 1 4 1 1 1 3 1 1 3 5 3 4 5 3 4 19 "female"
"393" 3 1 2 2 1 5 2 1 5 3 5 2 2 5 2 4 1 2 1 2 1 1 5 4 4 5 3 5 1 5 1 5 22 "male"
"394" 3 3 2 2 2 3 3 2 4 3 1 1 3 5 2 2 2 2 4 4 1 1 5 5 1 1 3 4 4 4 2 3 20 "male"
"395" 1 3 2 3 1 4 3 5 3 1 4 5 5 5 3 4 5 3 5 5 1 1 5 5 2 3 5 3 4 5 4 5 28 "female"
"396" 2 2 1 2 1 3 2 2 5 5 5 3 3 5 2 2 1 2 4 3 1 1 2 1 2 2 3 3 5 5 2 3 19 "female"
"397" 3 4 3 3 1 5 2 5 2 1 3 4 5 2 5 1 3 1 4 2 5 1 4 1 2 5 5 2 2 5 4 5 21 "female"
"398" 1 3 2 2 1 4 3 2 3 2 2 2 5 3 1 2 4 3 4 4 3 2 3 5 4 4 5 2 3 4 1 3 19 "female"
"399" 5 3 5 5 4 5 5 5 4 4 2 5 2 4 4 5 1 4 2 1 1 1 5 5 1 1 1 4 2 5 4 5 22 "male"
"400" 3 5 3 5 4 5 5 3 2 1 1 2 3 2 1 5 1 3 4 2 2 2 5 3 1 1 1 4 1 5 4 2 19 "male"
"401" 5 5 1 1 1 5 5 5 5 5 5 5 5 5 5 5 5 5 5 5 5 1 1 1 1 1 5 1 5 5 1 1 18 "female"
"402" 2 2 1 1 1 3 1 1 4 2 3 4 5 5 1 1 5 4 4 2 4 1 4 1 1 1 3 3 5 5 5 2 19 "female"
"403" 4 1 5 1 1 5 4 3 1 1 3 5 5 1 3 4 1 5 1 1 1 1 5 5 1 1 1 3 1 5 5 5 22 "male"
"404" 3 3 4 3 2 4 3 4 2 2 3 4 4 3 3 4 3 3 4 3 2 3 3 3 3 3 4 4 4 4 4 3 29 "male"
"405" 1 3 1 3 1 4 2 2 4 2 3 2 4 2 1 1 4 5 5 1 1 1 3 1 3 1 5 1 3 5 1 4 18 "female"
"406" 2 3 1 1 1 4 4 4 2 1 1 5 5 2 2 3 2 3 5 1 1 1 4 1 1 3 5 3 2 2 2 1 22 "female"
"407" 5 2 3 2 2 5 4 3 3 1 5 5 5 2 3 1 2 1 4 2 1 1 1 3 1 2 3 4 4 4 2 1 17 "female"
"408" 1 1 2 1 1 4 4 4 1 1 1 1 4 1 4 5 1 1 3 1 1 1 1 5 2 5 4 4 1 5 5 1 19 "male"
"409" 1 2 3 3 1 4 1 5 1 1 1 1 3 1 2 1 1 1 2 1 1 1 2 2 1 2 3 1 2 4 1 1 20 "female"
"410" 3 2 4 4 2 4 3 5 1 1 2 3 4 2 2 3 1 4 3 1 1 1 2 4 2 3 4 4 2 4 2 4 18 "female"
"411" 3 2 2 3 2 5 5 3 1 1 2 4 4 3 2 3 1 3 5 3 1 1 3 3 1 3 2 5 2 5 3 1 22 "male"
"412" 4 3 2 2 1 5 4 2 2 1 3 4 3 2 1 4 2 4 3 1 3 1 4 1 2 3 3 2 5 5 3 2 19 "female"
"413" 3 3 2 3 4 4 4 3 4 4 2 3 2 2 2 5 1 1 4 1 1 1 2 5 1 1 3 5 1 5 5 1 20 "male"
"414" 2 1 1 5 4 3 1 2 4 2 1 4 1 2 1 2 1 1 3 1 1 3 5 2 1 1 1 2 1 2 2 2 25 "male"
"415" 5 3 2 2 2 3 3 2 5 5 5 3 3 5 2 4 3 3 4 1 4 3 1 1 1 1 1 1 2 3 1 5 29 "male"
"416" 4 5 3 3 2 4 2 2 3 2 5 3 3 2 3 1 2 2 4 2 5 3 3 3 1 4 2 2 3 5 2 5 18 "female"
"417" 2 3 3 1 2 4 2 1 4 4 3 3 4 5 2 2 2 2 3 2 4 1 3 2 3 2 3 4 3 5 2 5 20 "female"
"418" 3 2 3 3 2 4 4 2 5 4 4 3 5 4 2 3 4 2 4 4 3 1 5 3 4 2 5 4 5 5 3 5 21 "female"
"419" 4 2 4 4 2 4 4 4 3 2 3 2 1 2 3 2 2 1 2 1 1 2 3 3 1 2 1 3 2 4 2 5 22 "male"
"420" 1 1 1 1 1 5 3 3 4 1 1 3 5 1 2 1 1 3 5 1 1 1 3 1 1 4 2 4 1 3 1 1 19 "female"
"421" 4 5 4 3 2 3 3 4 2 2 4 2 5 3 5 1 5 2 3 4 1 1 3 4 1 5 4 3 5 4 1 1 28 "female"
"422" 1 5 2 1 3 5 5 2 5 3 1 2 3 5 4 5 2 5 5 5 2 1 5 5 1 5 5 5 1 5 4 1 19 "female"
"423" 5 2 5 3 4 4 4 3 2 2 5 4 5 3 5 4 3 1 5 1 4 2 3 5 1 1 2 5 4 4 3 3 22 "male"
"424" 5 4 5 1 1 4 1 2 3 1 5 5 5 3 4 1 1 2 2 3 1 3 5 5 1 3 5 5 3 5 5 2 20 "female"
"425" 1 5 1 1 1 5 1 5 1 1 1 1 4 3 3 1 1 3 2 4 1 1 5 5 1 4 5 1 1 4 1 1 16 "female"
"426" 2 3 2 2 1 3 3 2 5 2 2 3 4 5 1 1 2 2 3 5 3 1 1 5 1 3 3 3 3 4 2 2 19 "female"
"427" 5 5 2 3 2 4 3 1 5 2 5 5 5 4 1 1 4 4 4 5 4 5 1 2 2 4 2 2 5 5 3 5 20 "female"
"428" 3 1 3 2 2 5 3 2 1 1 1 2 2 1 1 5 1 1 3 2 1 1 5 3 2 2 2 5 2 5 4 5 21 "male"
"429" 2 4 2 4 3 4 2 4 3 2 3 3 4 4 3 2 4 2 4 1 1 1 3 3 2 3 4 2 3 5 4 1 19 "female"
"430" 2 2 2 2 1 3 3 4 4 2 4 3 4 3 2 1 3 2 3 3 3 1 5 1 5 4 5 3 3 5 4 4 20 "female"
"431" 3 3 4 3 3 3 2 4 3 3 3 4 2 3 2 2 1 3 5 2 2 1 1 1 3 2 4 2 1 4 2 2 25 "female"
"432" 3 5 3 1 1 3 2 3 2 1 3 2 3 1 1 1 5 3 2 3 5 3 4 4 1 1 3 3 5 5 3 1 20 "female"
"433" 4 4 3 1 1 5 1 1 1 1 5 3 5 4 3 2 2 3 5 4 4 1 5 1 3 1 2 2 3 5 1 5 19 "female"
"434" 4 4 3 3 4 4 4 2 5 5 5 3 4 4 1 2 3 5 4 4 5 2 5 1 2 3 4 3 3 5 2 5 19 "female"
"435" 3 2 2 4 1 4 2 5 2 2 4 2 5 2 2 2 2 4 4 3 5 1 3 5 1 2 3 2 2 5 4 1 21 "female"
"436" 2 1 4 3 1 5 5 4 1 1 1 1 4 1 2 5 1 1 2 1 3 1 2 3 1 1 4 5 1 5 3 1 22 "male"
"437" 4 4 1 5 5 5 5 1 5 2 1 5 4 4 1 1 3 5 5 1 5 1 1 1 1 3 3 5 2 3 3 3 28 "female"
"438" 3 3 3 5 1 5 3 1 1 5 3 5 4 3 1 5 4 1 5 5 3 1 5 3 5 5 5 5 1 5 5 5 21 "female"
"439" 2 3 2 3 4 4 3 3 2 4 2 2 2 2 2 3 2 1 2 2 1 1 4 5 1 3 2 4 1 5 3 1 20 "male"
"440" 2 3 3 2 3 5 5 3 2 1 1 2 2 3 1 2 1 1 1 1 1 1 5 5 1 1 3 4 1 5 5 4 19 "male"
"441" 3 4 2 2 2 3 2 1 4 5 2 4 2 3 1 2 3 2 4 5 5 1 2 5 3 2 2 4 4 4 5 3 21 "female"
"442" 5 1 1 1 1 5 5 4 1 1 4 5 5 5 4 1 1 1 4 5 5 1 4 5 1 1 5 1 1 5 5 4 16 "female"
"443" 3 4 2 3 5 3 5 3 3 1 3 3 4 2 3 5 3 1 5 5 1 1 5 5 1 1 3 5 5 5 5 5 22 "male"
"444" 2 3 1 4 5 4 5 3 3 3 2 3 5 3 2 5 3 1 5 1 2 1 2 4 1 1 3 5 4 5 5 4 19 "male"
"445" 1 1 5 1 1 4 3 1 1 1 5 5 5 1 5 3 3 3 5 5 5 5 1 1 3 5 5 5 2 4 1 1 22 "female"
"446" 2 1 4 5 3 5 5 2 1 1 3 2 3 2 1 4 2 1 2 2 1 1 5 5 3 3 2 4 3 5 5 4 20 "male"
"447" 3 2 1 1 1 4 3 1 1 1 2 2 3 1 3 3 2 2 4 1 5 2 2 1 1 3 3 2 3 4 1 2 22 "male"
"448" 3 4 3 4 1 5 4 2 1 1 1 2 4 1 1 3 4 4 5 1 2 1 5 1 3 3 5 2 4 5 3 1 19 "male"
"449" 3 4 3 1 2 3 1 1 5 5 5 2 4 5 1 1 2 3 4 4 1 1 3 5 1 3 4 2 2 5 1 5 18 "female"
"450" 4 2 2 2 2 4 3 2 1 2 1 3 4 2 3 3 5 1 3 1 1 1 3 5 5 1 2 2 1 5 4 2 19 "male"
"451" 4 3 3 3 2 5 3 2 2 2 3 3 5 3 3 2 3 3 4 4 1 1 4 4 3 3 5 3 3 5 3 3 23 "female"
"452" 3 4 1 1 1 5 2 1 4 4 2 1 3 4 3 2 3 3 4 3 5 3 3 1 1 4 5 3 3 5 2 4 20 "female"
"453" 2 3 4 1 1 4 2 3 2 1 3 4 4 2 3 2 2 2 4 3 1 1 3 4 1 2 4 3 4 5 4 5 18 "female"
"454" 3 4 1 3 2 5 2 1 5 4 3 4 3 5 1 1 3 3 5 2 1 1 5 1 1 5 3 1 4 5 5 5 19 "female"
"455" 2 2 3 5 5 5 4 4 2 2 3 4 4 2 3 2 4 3 4 4 4 3 4 5 2 2 3 3 4 3 4 5 23 "female"
"456" 2 3 2 5 5 5 4 2 1 1 1 2 3 3 3 5 1 3 2 1 1 1 5 5 1 1 1 5 1 5 4 1 20 "male"
"457" 5 3 5 1 1 5 2 2 3 1 1 3 4 2 5 2 1 1 1 1 1 1 5 1 1 2 2 2 1 4 1 3 20 "male"
"458" 5 5 2 3 4 5 2 4 3 3 2 4 4 4 3 1 3 5 4 5 2 1 1 1 1 2 2 4 3 3 4 2 28 "female"
"459" 5 5 5 3 4 5 5 5 2 2 1 5 4 1 2 3 4 4 5 2 1 2 5 3 2 1 2 4 1 5 3 1 22 "male"
"460" 5 3 3 1 1 5 2 3 1 1 4 4 5 1 2 1 3 1 4 5 2 3 5 3 2 3 5 3 5 5 3 1 19 "female"
"461" 3 4 2 3 2 5 4 3 3 2 4 3 5 2 2 3 2 2 4 2 2 2 5 5 1 1 3 4 4 5 5 1 21 "male"
"462" 3 3 2 1 1 3 2 3 1 1 4 2 3 3 1 1 1 1 4 2 2 1 3 1 1 2 4 4 4 3 2 5 21 "female"
"463" 3 5 4 3 2 5 1 5 3 2 1 3 4 2 1 5 3 5 5 3 3 4 4 4 3 3 5 5 2 5 5 5 17 "male"
"464" 3 5 3 1 1 5 2 1 1 1 1 2 5 1 5 5 2 2 1 1 3 1 5 5 1 5 5 1 2 5 5 5 19 "female"
"465" 4 5 5 2 4 5 3 3 2 2 1 5 5 3 3 4 2 3 5 1 4 1 5 4 1 1 3 5 5 5 5 1 25 "male"
"466" 4 2 2 1 1 4 4 2 5 5 2 4 2 5 3 2 2 3 3 1 1 1 3 1 2 3 4 2 2 5 2 5 20 "female"
"467" 5 4 5 1 5 5 5 2 4 4 2 4 4 5 5 3 4 2 1 1 5 4 3 4 2 3 5 5 4 3 4 1 26 "male"
"468" 3 4 3 3 5 5 5 1 5 3 4 1 2 5 1 5 4 4 5 1 5 4 5 3 3 3 4 5 5 5 5 5 21 "male"
"469" 2 2 2 1 1 4 3 2 5 5 3 1 3 3 1 2 1 2 2 2 1 1 2 1 2 3 5 3 2 5 3 3 20 "female"
"470" 3 1 2 1 1 3 1 1 5 5 3 3 2 5 1 2 3 1 3 1 1 1 1 3 3 1 4 5 4 5 4 5 21 "male"
"471" 3 3 1 1 1 5 3 2 2 1 1 1 1 1 1 5 3 1 3 2 1 2 3 3 1 2 5 5 5 5 5 1 20 "male"
"472" 3 2 3 4 4 5 5 3 2 2 2 4 5 3 2 5 5 4 5 3 5 2 5 5 3 1 3 5 5 5 5 2 27 "male"
"473" 5 3 5 1 1 3 3 1 2 1 5 5 5 2 2 1 4 4 3 1 5 4 5 5 2 1 1 2 5 5 5 4 21 "male"
"474" 2 5 2 1 1 3 1 1 4 1 1 1 3 3 2 2 1 2 3 1 1 1 3 2 2 3 3 2 2 4 1 3 20 "female"
"475" 3 4 4 3 1 4 2 2 3 1 5 2 5 2 3 1 3 3 5 5 5 3 4 2 2 2 4 3 1 4 3 5 17 "female"
"476" 4 3 1 3 1 3 2 2 3 2 3 2 4 1 1 1 2 5 5 1 5 1 5 3 3 4 3 2 1 5 1 1 16 "female"
"477" 4 5 5 3 1 5 2 2 4 1 5 2 5 3 5 2 5 4 4 5 5 5 5 4 2 5 5 3 5 5 3 5 19 "female"
"478" 2 4 4 3 1 3 2 3 2 2 1 2 4 2 4 3 1 3 4 5 4 2 4 3 1 1 5 2 3 5 5 5 18 "female"
"479" 2 5 3 5 3 4 4 4 3 2 2 3 3 3 3 5 3 4 5 4 3 2 4 5 2 3 3 4 2 4 3 3 19 "male"
"480" 1 2 1 1 1 4 1 4 1 1 3 4 4 1 1 1 3 2 5 2 1 1 3 2 2 5 5 1 1 5 2 3 21 "female"
"481" 2 1 1 1 1 3 2 4 1 1 2 2 4 1 1 1 1 1 4 2 1 2 4 4 1 3 5 1 1 5 2 2 16 "female"
"482" 5 4 1 1 1 5 4 3 2 1 3 4 5 1 2 1 3 1 4 3 3 4 3 1 1 1 5 3 4 5 5 5 20 "female"
"483" 3 3 2 2 2 4 2 2 3 2 4 2 4 2 2 2 5 3 4 2 1 4 2 3 1 2 4 2 5 5 1 4 19 "female"
"484" 1 1 1 1 1 5 2 2 1 1 1 5 2 1 1 2 1 1 4 2 1 1 3 2 1 4 3 1 3 5 1 2 20 "female"
"485" 4 4 4 2 3 4 4 2 3 1 3 5 4 2 2 2 3 4 5 2 3 2 5 5 3 2 2 3 4 4 2 3 20 "male"
"486" 3 1 2 1 3 5 5 3 2 2 1 4 3 1 2 5 2 1 5 3 3 1 5 5 2 3 3 2 3 5 5 3 18 "male"
"487" 5 2 1 1 2 5 3 3 3 3 1 4 5 3 4 4 2 1 4 2 1 1 5 5 1 4 5 4 2 4 4 4 20 "male"
"488" 3 1 5 2 2 3 3 5 1 1 1 1 5 1 1 4 1 1 1 1 1 1 3 5 1 1 3 5 1 5 5 3 20 "male"
"489" 4 4 2 3 1 5 2 3 1 1 5 1 2 1 1 1 3 3 4 5 5 3 5 1 3 2 1 2 5 4 1 4 19 "female"
"490" 1 1 1 1 1 5 4 3 2 1 2 5 5 2 1 2 1 1 5 4 2 1 5 2 2 5 5 1 1 5 2 1 23 "female"
"491" 4 5 4 3 4 4 3 2 3 2 2 3 4 3 5 2 2 2 3 4 5 2 5 5 3 2 4 2 3 5 3 5 20 "female"
"492" 4 3 2 1 1 5 3 2 2 1 1 4 5 1 1 5 1 1 5 1 2 1 5 5 1 3 5 4 3 4 4 3 23 "male"
"493" 1 2 1 4 3 5 5 3 4 3 4 5 5 3 4 5 2 3 4 3 2 2 3 5 1 1 3 1 2 5 5 4 19 "male"
"494" 3 1 1 1 3 5 3 1 1 3 1 5 5 1 1 2 1 3 4 1 1 1 5 5 1 2 5 3 1 5 5 4 17 "male"
"495" 3 3 2 1 1 3 3 3 5 5 1 3 5 4 1 4 1 1 3 3 1 1 5 5 3 3 4 4 2 5 4 4 20 "female"
"496" 2 5 2 2 3 3 2 1 4 4 5 3 4 5 3 3 4 2 5 4 3 3 3 5 3 2 2 5 5 5 5 4 21 "female"
"497" 3 2 2 3 3 5 5 3 3 2 1 4 3 2 3 5 3 1 4 2 1 1 5 5 1 2 3 5 5 5 5 4 21 "male"
"498" 3 4 4 4 3 5 2 2 2 2 3 2 3 3 2 2 2 1 1 4 4 1 3 3 1 2 5 2 3 5 5 5 19 "female"
"499" 2 2 1 1 1 5 3 2 5 5 5 2 5 4 1 1 1 1 5 3 2 5 5 1 2 4 4 5 4 4 3 5 20 "female"
"500" 5 5 2 5 4 5 5 1 2 2 2 2 3 1 2 5 1 1 2 1 2 1 5 5 1 4 2 4 2 5 1 2 19 "male"
"501" 1 4 2 3 1 5 3 3 2 2 2 2 2 1 3 2 2 1 3 2 1 1 5 4 2 3 5 3 4 5 3 5 22 "female"
"502" 5 4 4 3 2 3 2 3 2 2 4 5 5 2 2 1 1 2 5 2 1 2 5 2 1 1 2 3 2 5 3 1 22 "male"
"503" 5 5 5 2 2 5 5 4 1 1 3 2 3 1 5 3 1 3 3 3 3 5 4 3 2 1 1 5 3 4 3 4 22 "male"
"504" 3 2 2 2 2 3 3 3 3 1 1 2 2 1 1 1 1 1 3 1 1 1 3 1 2 2 2 3 2 3 1 5 28 "female"
"505" 2 2 2 1 1 3 3 4 2 1 1 1 3 1 1 1 1 1 1 1 3 1 2 5 1 3 3 3 1 5 1 3 21 "male"
"506" 4 2 5 1 1 5 5 1 1 3 5 5 5 1 3 1 1 5 4 1 5 5 1 5 1 3 5 5 2 5 3 4 21 "male"
"507" 4 3 1 1 2 3 2 1 2 3 1 2 4 2 3 3 1 1 5 1 2 1 2 5 2 2 3 2 2 5 5 5 17 "female"
"508" 3 3 2 1 1 5 2 3 2 1 4 5 2 2 2 2 2 1 5 5 3 1 2 5 4 3 5 1 5 5 3 3 21 "female"
"509" 5 4 3 1 1 4 3 5 3 1 4 3 4 3 4 3 5 1 5 3 4 3 3 5 2 1 4 4 5 5 5 4 17 "female"
"510" 4 4 3 5 5 4 4 4 4 4 4 2 4 2 3 3 4 3 4 5 1 1 2 4 2 1 2 5 3 5 3 4 28 "male"
"511" 3 5 4 1 2 3 1 5 2 2 3 5 5 3 4 4 3 2 5 5 2 4 3 5 1 2 4 4 5 3 4 3 20 "female"
"512" 3 5 5 1 1 4 3 5 3 1 1 3 5 5 3 5 3 1 4 5 1 1 1 1 1 4 5 5 5 5 3 5 19 "female"
"513" 2 4 1 1 2 1 1 1 5 5 4 3 3 5 1 2 2 1 5 3 3 1 5 2 2 1 2 3 3 5 3 5 21 "female"
"514" 5 4 2 2 2 4 3 1 2 2 5 3 5 1 1 2 4 2 4 1 5 1 1 3 1 1 3 3 4 5 4 1 23 "male"
"515" 4 5 1 1 1 1 2 1 3 1 4 3 4 5 1 2 1 5 5 1 1 3 2 4 1 1 1 1 1 3 5 5 17 "male"
"516" 2 4 1 1 2 5 5 2 2 2 1 5 1 1 2 2 2 1 5 1 1 1 3 2 2 1 1 4 1 4 4 4 20 "male"
"517" 2 2 2 2 2 5 5 2 2 2 2 2 2 2 2 4 2 2 5 2 2 1 5 5 2 2 2 2 2 5 5 2 19 "male"
"518" 3 2 1 2 2 4 5 3 3 1 1 2 3 1 1 3 2 1 5 3 2 1 5 3 2 3 2 5 3 4 2 5 19 "male"
"519" 4 3 3 4 2 4 4 5 2 2 1 3 3 2 2 4 2 3 4 3 2 2 5 4 1 3 3 2 2 5 4 2 19 "male"
"520" 2 5 3 1 1 5 1 2 4 2 5 3 2 2 2 3 3 1 2 3 1 1 5 3 2 5 3 2 4 5 2 5 18 "female"
"521" 3 3 1 2 1 4 1 1 3 2 3 3 5 3 1 1 4 5 5 5 5 1 2 2 2 1 3 1 4 5 1 5 19 "female"
"522" 4 4 3 2 3 3 1 4 2 2 1 3 3 1 2 3 2 3 4 3 1 1 5 5 1 2 2 4 1 5 4 3 22 "male"
"523" 3 2 2 2 1 5 2 5 2 1 1 4 4 1 2 2 3 2 4 3 1 1 3 5 2 4 4 4 2 5 3 3 21 "female"
"524" 5 5 1 1 1 5 3 3 2 1 5 1 3 3 3 4 5 3 3 4 2 3 5 5 1 3 5 4 3 5 3 5 21 "female"
"525" 3 2 2 2 5 3 1 1 3 1 1 5 1 1 1 5 3 1 5 1 5 1 5 5 3 2 3 5 5 4 3 5 21 "male"
"526" 4 3 5 1 2 2 2 2 5 5 5 2 3 5 1 2 1 3 1 2 1 1 2 2 1 1 5 5 3 5 1 5 19 "female"
"527" 5 5 5 5 5 4 2 4 2 4 2 4 2 4 2 4 2 4 2 4 2 4 3 3 3 3 4 2 2 4 2 4 25 "male"
"528" 5 5 2 5 2 5 5 4 1 1 4 2 4 1 1 3 3 5 4 1 3 1 3 5 1 1 4 5 3 4 4 3 18 "male"
"529" 2 2 3 2 2 5 5 2 5 5 2 1 5 5 1 2 1 1 1 1 4 1 2 3 1 4 2 4 1 5 1 1 20 "male"
"530" 3 5 3 3 1 5 3 5 5 1 2 1 4 2 3 3 1 1 3 3 1 1 4 1 1 4 5 4 3 5 3 5 18 "female"
"531" 4 3 4 3 4 5 5 3 2 2 2 2 3 2 2 3 2 1 2 1 5 1 2 2 1 3 3 2 2 4 1 2 23 "male"
"532" 4 5 2 1 1 4 3 2 2 1 4 2 3 1 2 3 4 1 2 2 4 2 5 3 1 2 4 2 3 5 3 5 18 "female"
"533" 3 5 4 1 1 3 1 1 3 1 4 3 4 1 1 3 4 1 5 3 1 1 2 5 5 2 5 5 4 5 3 5 22 "female"
"534" 2 4 2 2 3 2 1 1 2 2 3 3 5 3 1 2 2 5 4 1 5 3 5 2 2 1 2 4 3 4 2 2 20 "male"
"535" 4 4 2 3 4 5 5 1 5 5 1 4 2 5 2 5 1 1 1 1 2 1 5 4 1 1 2 5 1 5 3 4 19 "male"
"536" 5 1 5 1 1 5 5 4 2 2 5 5 5 2 2 5 2 2 5 1 5 1 5 1 1 4 3 3 5 5 5 1 23 "female"
"537" 3 2 2 5 5 5 4 2 3 2 1 5 4 2 3 4 1 1 2 1 1 1 2 1 1 1 1 5 1 5 3 1 27 "male"
"538" 4 3 3 1 1 4 2 1 1 1 5 5 5 1 1 4 3 1 2 1 1 4 3 3 1 1 1 4 3 5 4 2 20 "male"
"539" 2 3 3 1 1 5 3 4 1 1 4 3 5 1 4 2 3 1 3 3 2 1 5 5 1 1 3 2 4 5 4 5 18 "female"
"540" 5 2 1 1 1 4 3 3 2 2 1 2 1 1 2 3 2 1 5 1 1 1 3 1 3 2 2 3 1 5 3 3 21 "male"
"541" 2 3 3 3 1 5 4 2 1 1 1 4 5 2 2 2 1 4 2 5 5 1 5 5 2 3 4 3 2 5 2 5 19 "female"
"542" 2 4 2 2 2 4 4 4 4 2 3 3 3 2 2 4 2 2 4 2 2 1 4 3 4 4 4 2 2 4 4 4 22 "female"
"543" 3 3 3 3 1 5 4 3 4 4 2 3 3 3 2 1 2 2 4 2 3 1 2 3 2 4 4 2 2 5 2 1 20 "female"
"544" 2 4 2 4 4 4 4 3 3 3 1 2 3 2 2 3 1 1 1 1 3 1 5 5 1 1 2 4 1 4 5 4 19 "male"
"545" 2 1 4 1 1 4 1 3 2 1 2 5 5 1 3 1 5 1 5 3 1 1 5 1 1 3 5 1 5 5 4 5 20 "female"
"546" 3 4 1 3 1 5 5 4 3 1 1 4 4 1 2 4 1 3 3 4 4 1 5 5 2 2 5 2 3 5 3 1 19 "female"
"547" 3 3 3 4 3 4 4 3 2 2 5 3 5 5 3 2 3 5 5 5 5 5 1 4 3 2 4 3 5 5 2 5 18 "female"
"548" 4 4 2 3 3 4 3 2 3 3 2 3 1 4 3 3 2 2 3 1 1 1 5 5 1 2 2 2 2 3 5 4 17 "male"
"549" 1 1 1 1 1 4 4 1 1 1 1 5 1 1 1 5 2 2 3 2 3 1 3 5 1 1 3 4 3 5 3 3 21 "male"
"550" 3 3 2 2 2 4 1 1 3 2 4 3 4 2 1 1 4 4 4 5 3 2 4 4 2 3 5 3 5 5 3 2 19 "female"
"551" 4 3 3 1 3 3 3 1 4 4 4 5 5 5 2 1 2 2 3 5 1 1 1 3 1 2 2 4 3 3 1 2 25 "female"
"552" 4 3 2 1 1 5 2 2 5 3 3 4 4 4 3 1 2 2 5 1 1 1 3 4 3 3 3 3 3 4 1 5 21 "female"
"553" 2 1 1 3 1 5 5 1 2 1 5 2 4 2 1 4 1 1 4 1 5 1 2 4 1 1 1 4 1 2 2 1 18 "male"
"554" 4 5 3 3 3 4 3 5 4 1 4 5 5 5 1 2 2 2 3 3 1 1 4 5 2 5 5 3 2 5 5 4 21 "female"
"555" 2 2 2 2 2 5 3 1 2 2 1 1 2 1 1 3 1 1 3 1 2 1 3 2 1 1 2 2 1 5 2 3 17 "male"
"556" 3 1 2 4 5 4 3 1 5 5 5 3 1 5 1 2 4 1 5 2 3 1 4 4 4 2 5 5 5 5 1 5 22 "male"
"557" 4 4 4 2 2 4 2 3 2 2 5 4 5 2 2 2 4 3 5 5 3 1 3 5 2 2 2 3 5 5 4 5 18 "female"
"558" 5 2 5 3 4 5 4 2 4 2 4 5 2 2 3 5 4 3 5 2 2 2 5 5 5 4 4 5 3 5 3 5 23 "male"
"559" 2 2 2 1 1 4 4 3 1 1 1 1 3 1 1 2 1 1 2 1 1 1 3 5 1 2 2 3 1 5 1 1 22 "male"
"560" 5 4 1 1 1 5 3 1 5 1 5 3 3 1 1 3 1 3 5 3 1 1 4 1 3 3 5 1 1 5 4 5 21 "female"
"561" 2 2 1 2 1 4 3 2 4 4 5 1 3 5 2 2 2 2 5 5 4 1 4 4 1 1 3 2 5 5 3 2 23 "female"
"562" 3 4 2 1 1 4 3 3 3 4 3 4 5 2 3 2 2 1 4 5 4 3 3 2 1 4 4 3 4 5 4 5 17 "female"
"563" 3 3 1 4 4 5 5 1 2 1 1 2 2 2 1 4 4 1 4 3 1 1 3 5 1 2 3 1 1 4 4 5 20 "male"
"564" 3 2 4 4 2 5 5 1 1 1 3 3 3 1 1 3 1 1 2 1 1 1 2 1 1 1 1 5 1 4 1 1 21 "male"
"565" 3 2 3 1 1 4 1 2 1 1 5 4 5 4 4 2 1 4 5 3 1 1 4 1 1 2 3 5 3 5 2 5 22 "female"
"566" 4 2 4 3 2 4 2 4 3 2 1 5 2 3 3 5 2 3 4 2 1 1 5 4 2 3 3 4 2 3 2 4 24 "male"
"567" 1 2 1 3 1 3 2 3 3 3 4 3 5 3 1 1 3 1 3 1 3 1 3 3 1 1 3 2 3 4 2 1 19 "female"
"568" 5 5 5 5 5 4 5 4 5 5 5 5 5 5 3 3 5 3 5 5 4 4 5 5 3 2 5 4 4 5 5 5 18 "female"
"569" 1 5 1 1 1 5 2 3 1 1 1 1 4 3 1 1 3 1 5 1 1 2 4 1 2 1 5 4 4 5 3 3 24 "female"
"570" 1 3 3 5 3 5 5 4 1 1 1 1 3 1 4 4 2 1 5 4 4 1 5 5 1 1 2 4 1 5 5 4 22 "male"
"571" 2 2 4 3 3 5 2 5 2 2 2 1 4 2 3 1 3 1 5 3 5 3 5 1 2 1 2 1 2 5 1 2 20 "male"
"572" 5 4 2 2 1 3 2 2 2 1 4 4 5 3 2 1 4 2 5 2 1 4 3 2 1 4 3 2 3 5 3 1 20 "female"
"573" 4 4 1 2 2 4 2 3 2 1 4 3 3 3 2 3 3 1 3 2 1 4 4 2 2 3 4 2 3 4 2 4 19 "female"
"574" 3 2 1 4 2 4 3 4 2 1 3 1 4 3 1 3 2 4 4 2 1 1 3 1 1 2 4 3 4 5 2 5 21 "female"
"575" 4 3 2 3 3 3 3 1 2 2 4 4 2 2 1 1 4 3 4 3 3 3 4 4 4 1 2 3 4 5 4 1 25 "male"
"576" 3 2 2 1 1 5 2 3 4 2 4 5 4 5 1 3 2 3 5 5 1 2 4 4 4 3 4 4 3 4 2 2 28 "female"
"577" 4 4 4 1 1 5 4 1 2 1 3 3 4 1 2 2 5 1 5 2 2 1 4 3 2 1 3 4 5 5 5 5 20 "female"
"578" 3 4 3 1 1 3 3 1 1 1 4 3 5 1 1 1 5 1 5 1 3 4 5 3 1 1 1 3 4 5 5 5 20 "female"
"579" 5 4 4 2 2 5 4 2 2 1 2 2 3 2 2 2 3 5 5 2 3 1 5 3 4 1 1 3 3 5 4 4 23 "male"
"580" 4 4 2 2 2 4 3 2 4 2 2 4 4 2 2 4 4 2 4 2 2 2 4 4 2 2 4 3 2 4 3 3 21 "male"
"581" 3 4 3 2 2 3 3 3 2 2 4 3 4 2 3 3 2 2 4 4 1 1 2 3 2 2 3 3 2 4 3 4 23 "female"
"582" 3 4 3 3 3 4 4 3 3 3 2 3 4 3 3 4 4 2 5 5 4 1 2 4 2 4 4 3 4 5 2 5 22 "female"
"583" 3 2 3 1 1 4 2 2 2 2 3 1 4 3 3 3 4 1 4 2 1 1 4 4 1 3 4 3 5 4 1 5 28 "female"
"584" 3 5 2 1 1 5 3 1 2 2 5 2 4 2 2 1 3 1 3 1 1 2 4 2 3 4 3 2 3 4 1 5 22 "female"
"585" 1 2 4 3 3 4 5 5 2 2 3 3 3 1 3 3 1 1 4 1 1 1 5 5 1 1 2 4 3 5 4 3 18 "male"
"586" 3 3 2 2 2 5 3 2 2 2 5 2 1 2 2 2 3 2 4 5 2 3 3 1 3 4 5 2 5 5 2 2 25 "female"
"587" 3 1 1 1 1 5 1 1 1 1 1 3 4 1 5 2 3 1 4 1 1 1 5 5 2 4 3 3 5 5 2 3 20 "female"
"588" 5 3 1 2 2 5 5 1 3 2 4 4 4 3 2 2 5 2 5 2 1 1 5 4 2 1 1 5 5 5 5 5 23 "female"
"589" 3 4 2 1 1 5 4 1 2 1 5 5 5 3 1 1 5 4 5 2 4 3 1 5 3 2 3 3 3 5 2 5 21 "female"
"590" 4 4 1 3 2 5 3 3 5 4 5 5 4 5 3 4 2 1 5 5 1 1 3 5 1 2 3 4 3 5 5 5 25 "female"
"591" 3 4 1 2 4 5 4 3 5 3 5 5 5 5 3 4 4 3 5 3 1 1 1 5 4 1 3 5 5 5 3 3 28 "female"
"592" 3 3 2 4 2 4 4 2 2 1 3 4 3 2 2 4 2 4 4 1 1 1 4 1 1 2 3 4 3 4 3 5 19 "male"
"593" 4 4 1 1 1 4 4 2 5 3 5 5 3 5 4 3 1 4 5 3 3 1 3 3 5 3 3 3 3 5 1 5 30 "female"
"594" 2 1 1 3 1 5 5 3 4 1 2 3 3 3 2 3 3 4 5 4 3 2 5 4 5 4 5 1 2 4 1 3 28 "female"
"595" 3 3 3 2 1 4 3 2 3 2 4 3 4 5 4 3 4 2 3 4 5 4 3 3 2 4 4 4 3 4 3 5 19 "female"
"596" 3 3 3 3 3 3 3 3 3 3 3 3 3 3 3 3 3 3 3 3 3 3 3 3 3 3 3 3 3 3 3 3 21 "male"
"597" 3 2 3 1 3 5 5 3 1 2 3 4 5 1 2 5 4 1 4 3 3 2 5 5 1 2 4 5 4 5 5 2 19 "male"
"598" 3 5 1 3 1 5 5 1 5 3 5 3 3 3 1 1 3 3 3 2 1 3 3 3 1 3 5 1 3 3 1 1 18 "female"
"599" 5 3 3 3 1 4 3 5 2 5 3 4 5 2 4 5 4 2 2 3 2 1 3 3 1 3 4 2 2 4 2 5 18 "male"
"600" 4 4 3 3 2 4 4 4 3 2 5 5 5 3 2 5 3 1 4 3 3 2 5 5 2 2 2 4 4 4 2 2 18 "male"
"601" 3 2 1 1 1 4 3 1 1 1 4 3 5 1 1 5 2 1 3 4 1 1 1 4 1 2 4 2 2 5 4 3 17 "female"
"602" 5 5 5 3 3 5 4 3 3 1 5 5 4 4 2 2 4 4 4 2 5 5 5 4 1 2 3 4 3 5 2 3 21 "male"
"603" 5 5 5 5 3 5 5 3 2 2 2 4 5 1 3 4 3 5 4 3 5 1 4 5 1 2 2 5 2 5 3 1 21 "male"
"604" 4 5 2 2 2 4 2 3 2 1 4 1 4 2 3 2 4 1 4 4 1 1 3 4 1 3 3 2 5 5 3 5 23 "female"
"605" 3 3 2 2 1 3 2 3 2 1 1 4 5 3 3 1 1 3 5 5 2 3 2 3 1 1 2 2 4 5 1 3 18 "female"
"606" 2 1 2 4 1 4 3 5 2 1 5 4 5 1 3 2 2 2 3 1 1 4 4 1 2 3 3 1 2 3 1 1 20 "female"
"607" 3 5 3 1 2 5 3 2 4 3 2 2 5 3 2 1 2 2 5 5 1 2 2 5 3 5 5 1 3 5 4 2 19 "female"
"608" 2 3 2 1 1 4 2 1 2 1 1 5 4 3 1 2 2 2 3 5 2 1 4 5 5 4 4 2 3 5 2 1 20 "female"
"609" 3 3 1 1 1 5 2 2 1 1 5 1 2 1 1 5 1 3 3 1 1 1 2 1 4 2 2 1 1 4 1 5 26 "female"
"610" 5 5 3 3 3 5 3 1 4 3 3 4 3 5 1 2 2 2 5 3 1 2 1 5 2 1 2 3 3 3 5 5 21 "female"
"611" 5 5 5 5 5 5 5 3 2 2 3 5 3 3 1 5 2 5 3 3 4 2 3 1 1 1 1 5 5 5 2 2 19 "male"
"612" 3 2 2 1 1 5 5 3 3 3 2 5 3 3 3 3 2 2 4 1 4 1 5 5 3 3 2 3 2 5 5 5 23 "male"
"613" 2 4 1 1 1 4 3 2 3 1 1 5 5 3 2 2 1 3 5 5 1 1 2 5 1 3 4 2 3 5 5 4 21 "female"
"614" 4 5 3 4 5 5 3 2 3 1 2 4 5 5 3 4 5 3 5 4 5 3 5 5 2 3 5 5 5 5 5 5 22 "female"
"615" 2 3 1 3 2 3 2 2 5 4 5 4 2 4 2 2 4 2 5 2 3 2 1 5 1 2 3 4 4 4 4 2 21 "female"
"616" 2 3 3 3 3 4 4 3 1 1 2 2 3 2 4 5 2 1 2 2 1 1 2 3 1 1 2 3 1 5 3 5 23 "male"
"617" 2 2 2 1 1 3 3 1 1 1 3 3 5 1 1 5 3 2 4 3 1 1 1 3 1 4 5 2 3 5 5 3 17 "female"
"618" 3 5 2 5 4 3 3 3 3 4 4 1 3 2 2 1 2 1 1 1 1 1 4 2 1 1 3 2 5 5 5 2 20 "female"
"619" 3 2 1 1 1 3 1 1 1 1 3 1 3 1 1 2 2 2 4 1 1 1 3 2 2 3 3 2 3 3 2 5 22 "female"
"620" 1 5 1 1 1 5 4 1 3 1 2 3 5 3 1 1 4 5 4 1 3 1 4 3 2 3 4 4 4 5 1 3 20 "female"
"621" 5 4 4 1 1 3 1 1 4 1 5 3 5 2 3 2 4 3 4 5 4 4 3 3 1 1 3 1 5 5 2 3 19 "female"
"622" 3 3 2 3 2 4 4 4 3 3 5 3 5 4 3 3 3 3 5 4 1 1 3 5 5 4 3 2 5 5 4 5 25 "female"
"623" 4 1 3 2 3 4 5 3 4 3 3 3 3 3 2 3 1 1 2 1 2 1 4 5 2 1 3 5 2 4 1 5 29 "male"
"624" 5 5 5 5 5 4 4 4 4 4 3 4 4 4 5 3 2 3 5 3 4 3 4 3 2 1 4 4 5 4 2 2 29 "male"
"625" 3 3 1 3 1 4 1 1 4 3 3 3 5 1 1 2 5 1 5 3 2 2 4 1 3 1 3 1 4 5 1 5 17 "female"
"626" 3 3 2 1 1 4 4 1 5 5 3 4 5 4 2 3 3 2 5 2 5 2 5 5 3 3 3 3 4 5 3 4 17 "female"
"627" 3 3 2 4 2 4 4 3 2 1 2 2 3 1 1 1 1 3 1 1 1 1 1 5 1 2 2 3 1 4 2 3 19 "male"
"628" 5 4 3 2 3 3 4 1 5 3 5 5 3 2 1 2 4 5 5 2 4 5 3 5 5 3 4 4 5 5 5 1 18 "female"
"629" 1 1 4 3 2 3 1 3 5 5 1 5 5 5 1 2 5 3 5 5 5 1 5 1 3 1 1 4 5 5 4 1 20 "female"
"630" 3 3 3 2 2 2 2 1 1 1 3 4 5 1 2 2 4 1 5 3 3 5 2 4 1 1 3 2 5 4 2 1 21 "female"
"631" 5 3 4 3 1 4 1 3 2 1 5 2 5 2 5 2 3 2 4 2 1 1 4 1 2 1 3 2 5 5 1 1 18 "female"
"632" 2 4 2 2 2 3 1 1 2 1 1 1 2 1 1 1 2 1 3 3 1 1 3 2 1 3 2 1 3 4 1 2 19 "female"
"633" 5 3 5 1 3 4 3 4 1 1 1 5 5 1 4 3 2 2 4 1 1 5 4 3 1 4 2 4 3 5 5 3 19 "male"
"634" 1 1 1 3 3 5 3 1 1 1 1 2 1 1 1 5 1 1 1 1 5 3 1 5 1 2 2 5 1 5 2 1 19 "male"
"635" 5 3 2 5 1 5 5 5 1 1 4 1 4 1 1 3 3 1 5 2 1 2 5 5 1 5 5 5 5 5 5 5 18 "female"
"636" 4 4 2 4 4 5 5 3 5 5 3 3 4 5 3 3 2 1 4 2 1 2 5 5 2 1 2 4 3 5 5 5 18 "male"
"637" 5 5 5 1 1 2 2 2 4 3 5 5 5 5 2 3 5 3 5 3 5 1 2 1 1 2 1 3 5 4 5 5 16 "female"
"638" 4 2 3 4 2 5 4 5 2 1 5 4 5 2 3 2 2 3 1 4 1 1 3 4 1 4 3 2 3 5 2 1 18 "female"
"639" 5 4 5 3 2 5 2 3 2 2 5 5 5 2 3 1 2 2 5 5 1 1 2 5 1 1 3 1 2 5 4 1 19 "female"
"640" 5 5 5 5 3 3 3 5 2 2 5 5 5 3 4 1 3 3 5 5 5 2 5 5 4 2 5 5 4 4 2 5 24 "female"
"641" 3 2 1 5 3 3 3 1 1 2 5 1 4 1 1 1 3 5 4 4 5 1 4 4 2 1 2 1 3 4 1 1 19 "female"
"642" 4 4 1 1 1 5 2 2 3 2 5 3 5 3 2 1 4 2 5 5 5 4 3 4 2 3 4 1 3 5 3 5 21 "female"
"643" 1 1 3 4 4 5 5 3 1 2 1 3 5 1 2 5 1 3 3 4 1 1 5 5 1 1 3 4 1 5 5 4 23 "male"
"644" 5 4 5 5 5 5 5 5 3 2 1 5 5 4 4 4 2 5 4 3 3 1 5 5 1 1 3 5 2 5 5 4 23 "male"
"645" 4 3 5 3 2 5 4 5 3 1 3 5 4 3 4 5 3 4 4 3 3 2 3 5 3 4 4 4 3 5 5 4 17 "male"
"646" 5 1 1 5 3 3 1 5 5 5 5 2 5 4 2 1 5 4 5 3 5 1 2 1 1 1 2 2 5 5 3 1 18 "female"
"647" 3 5 3 4 3 5 4 5 4 1 5 4 5 4 4 2 3 5 5 4 3 4 3 5 1 1 3 4 4 5 4 1 26 "male"
"648" 1 2 2 3 3 4 5 4 2 2 2 1 3 2 2 2 2 1 2 1 1 1 4 4 1 1 1 4 3 5 4 2 22 "male"
"649" 3 1 1 1 3 4 4 1 5 5 5 1 4 5 1 4 3 5 5 1 5 3 5 1 2 1 3 5 4 5 5 3 22 "male"
"650" 4 4 3 4 4 5 5 3 2 2 1 3 3 2 2 5 2 4 3 3 1 1 3 2 1 1 2 5 2 4 3 4 25 "male"
"651" 1 1 1 5 1 5 3 3 2 2 1 4 4 1 1 1 2 1 4 1 1 1 3 4 1 3 4 2 4 5 2 4 21 "female"
"652" 5 4 2 1 2 1 4 1 5 2 5 5 3 2 1 2 5 5 5 3 5 5 2 4 5 2 4 3 5 4 4 1 18 "female"
"653" 4 4 1 1 1 4 3 1 3 2 1 4 5 3 4 1 3 1 5 1 5 3 3 3 1 3 3 3 2 4 2 4 17 "male"
"654" 4 5 2 4 3 3 3 2 3 2 2 2 2 5 3 5 5 5 2 5 1 3 2 5 4 2 5 5 5 5 5 1 22 "female"
"655" 2 2 1 1 1 5 2 1 1 1 5 3 4 2 2 1 5 2 5 2 5 2 1 2 1 5 5 2 5 5 1 1 21 "female"
"656" 3 5 1 3 1 4 2 4 5 4 1 1 5 4 4 1 3 2 1 5 1 1 2 3 2 5 5 4 4 5 2 1 21 "female"
"657" 4 4 4 1 1 3 1 2 1 1 5 3 5 3 1 1 2 3 5 4 5 1 2 1 2 2 2 2 4 5 2 5 19 "female"
"658" 3 2 4 4 3 4 4 3 3 2 4 4 5 2 2 4 3 4 3 3 3 2 4 4 2 3 2 4 2 5 4 2 26 "male"
"659" 5 4 3 3 3 5 5 3 3 3 5 4 4 2 2 3 2 3 5 3 2 2 3 2 2 3 4 4 2 5 3 5 25 "male"
"660" 2 4 1 1 4 4 1 2 5 5 3 3 5 5 1 1 4 5 1 5 1 1 4 5 1 2 4 5 4 5 5 4 19 "female"
"661" 2 2 1 3 4 4 5 3 2 3 1 3 4 2 1 5 1 1 4 1 1 1 5 5 3 1 4 5 2 3 4 4 20 "male"
"662" 4 3 5 3 3 3 3 5 2 1 5 4 5 3 4 1 2 4 5 5 1 1 1 4 1 3 4 2 4 5 3 1 25 "female"
"663" 2 2 3 3 3 5 5 1 1 1 2 2 3 1 1 5 1 1 1 1 1 1 5 5 1 1 2 5 1 5 5 2 23 "male"
"664" 5 3 5 3 3 4 4 4 2 2 4 5 5 4 4 5 2 3 4 1 3 1 5 5 1 1 4 4 2 5 5 5 24 "male"
"665" 3 4 1 2 2 3 1 2 5 5 5 3 5 5 1 1 2 1 2 3 2 2 3 2 4 1 4 3 4 5 1 2 19 "female"
"666" 2 5 1 3 4 5 5 1 3 3 2 3 5 4 3 5 2 3 3 1 1 1 5 5 1 2 2 5 1 4 5 3 18 "male"
"667" 4 4 4 3 3 4 4 2 5 5 1 3 5 5 2 5 2 2 3 5 4 5 5 4 5 4 4 3 4 3 2 4 25 "female"
"668" 3 2 4 3 1 1 1 1 4 4 4 4 4 5 3 3 3 3 4 5 5 5 5 3 4 4 4 3 3 3 3 3 22 "male"
"669" 3 3 3 2 2 4 4 5 2 2 1 3 3 2 4 3 1 1 2 1 1 1 1 1 1 2 3 3 1 4 3 4 26 "male"
"670" 4 4 4 4 4 4 4 4 4 4 4 4 4 4 4 4 4 4 4 4 4 4 4 4 4 4 4 4 4 4 4 4 19 "female"
"671" 1 2 3 2 3 4 3 2 1 2 3 4 3 2 1 2 3 4 5 4 3 2 1 2 3 4 5 4 3 2 1 2 16 "female"
"672" 3 2 4 3 1 5 4 4 2 2 2 3 3 2 2 5 2 3 2 1 1 1 2 1 1 1 1 5 2 5 3 1 18 "male"
"673" 3 4 3 1 1 4 3 1 3 1 3 4 4 1 2 3 2 3 4 4 3 2 3 3 3 4 5 2 3 5 3 4 20 "female"
"674" 3 3 3 3 3 3 3 3 3 3 3 3 3 3 3 3 2 2 4 4 2 2 2 4 1 3 3 2 2 5 5 4 17 "female"
"675" 4 3 4 2 1 5 1 3 2 2 5 4 5 1 2 2 3 3 5 5 1 1 3 5 1 1 1 2 3 5 3 1 20 "female"
"676" 3 4 2 2 2 5 5 4 3 1 4 5 5 3 3 3 5 3 5 5 4 4 3 4 4 4 5 5 5 5 5 5 19 "female"
"677" 5 3 5 1 1 5 5 5 2 1 1 3 5 3 2 5 3 3 5 3 5 5 1 5 3 3 3 5 3 5 5 3 25 "male"
"678" 2 3 1 2 1 5 1 2 1 1 3 1 3 1 1 3 3 1 4 2 2 1 5 5 1 5 5 1 5 5 3 5 18 "female"
"679" 5 5 4 2 2 5 3 3 3 2 5 2 4 2 2 2 5 4 5 5 1 2 4 5 5 3 5 4 5 5 2 5 17 "female"
"680" 5 4 4 4 1 4 3 5 2 5 3 4 5 3 4 4 3 2 2 3 2 2 3 3 1 3 4 3 2 3 3 5 18 "male"
"681" 5 5 2 1 1 2 2 1 5 3 5 1 3 3 1 1 4 1 4 2 1 2 1 5 5 2 3 1 5 5 4 5 20 "female"
"682" 2 5 1 3 3 5 4 3 5 4 5 3 5 5 3 3 5 1 3 1 2 5 3 3 4 2 4 5 3 5 3 5 17 "female"
"683" 4 5 5 2 2 4 2 2 5 5 2 3 4 5 2 5 4 1 5 5 3 1 5 2 1 3 3 4 4 2 1 1 19 "male"
"684" 5 3 4 1 1 4 3 3 2 1 3 4 5 3 5 4 3 2 3 1 1 1 5 5 1 3 4 1 3 4 4 4 19 "male"
"685" 4 2 4 2 2 5 1 2 5 5 4 2 3 5 4 5 2 3 5 2 1 1 4 2 1 1 2 3 3 5 4 1 19 "male"
"686" 5 4 5 3 2 4 1 2 1 1 4 3 3 2 5 4 3 3 4 2 1 1 4 5 1 3 4 2 3 5 5 2 16 "male"
"687" 2 3 3 1 1 3 2 4 3 2 3 2 4 3 4 1 2 1 3 2 1 1 3 5 1 2 3 1 3 5 3 1 18 "female"
"688" 3 2 1 1 1 5 5 3 4 2 4 3 4 1 3 3 5 3 2 5 1 1 5 1 3 5 5 4 4 5 3 5 19 "male"
"689" 3 4 1 3 4 4 2 1 5 5 2 1 4 4 1 1 2 2 3 4 3 5 2 2 2 1 2 5 2 4 3 1 20 "female"
"690" 3 5 2 1 1 4 4 2 3 1 4 3 3 5 2 1 4 5 2 3 3 4 1 3 1 1 5 3 1 3 1 1 19 "female"
"691" 4 3 2 1 1 4 3 3 3 1 1 2 2 1 1 5 1 3 3 1 1 1 1 5 1 3 4 5 1 5 5 3 21 "male"
"692" 3 3 3 4 4 2 4 3 5 1 5 3 4 2 4 3 4 2 4 3 4 2 4 2 3 4 4 3 3 5 3 2 24 "male"
"693" 2 1 2 1 1 3 2 1 1 1 1 1 1 1 1 5 1 1 4 1 1 1 5 5 1 2 3 1 2 5 4 5 23 "male"
"694" 4 4 4 4 4 4 4 4 4 4 4 4 4 4 4 5 3 2 5 5 3 2 2 4 1 5 5 5 4 5 5 5 30 "female"
"695" 3 4 4 4 4 3 4 4 2 1 1 3 4 3 4 4 5 3 5 4 4 4 4 4 5 4 3 5 4 2 5 4 27 "male"
"696" 2 2 3 2 1 5 5 4 1 1 1 1 3 2 2 5 1 1 5 1 1 1 3 5 1 5 4 1 1 5 5 1 19 "male"
"697" 5 4 5 2 2 5 2 3 2 1 3 5 5 4 5 4 2 3 2 5 4 1 5 3 1 3 3 4 2 5 1 1 18 "female"
"698" 4 2 3 4 3 5 5 2 3 2 5 3 4 3 2 3 4 2 4 2 3 3 3 2 4 3 3 4 5 4 3 5 18 "male"
"699" 1 1 2 4 3 4 4 1 5 5 3 4 3 5 1 1 1 4 5 1 1 1 2 5 1 1 4 4 5 5 3 1 17 "male"
"700" 2 1 1 1 2 3 2 1 1 1 1 3 2 1 1 5 1 1 5 1 1 1 5 5 1 1 1 5 1 5 5 2 30 "female"
"701" 3 3 1 1 1 4 2 1 4 1 3 5 5 1 1 2 1 1 4 5 2 3 4 5 2 2 4 3 3 5 3 4 19 "female"
"702" 1 3 3 1 1 5 2 3 1 1 5 3 5 1 1 4 4 2 4 2 5 5 5 4 4 3 4 3 5 5 5 5 21 "female"
"703" 5 4 3 1 1 5 3 3 4 4 5 5 5 3 2 1 5 3 4 4 5 4 3 4 1 5 5 2 4 5 3 4 17 "female"
"704" 3 3 5 1 1 5 2 5 1 1 2 4 4 1 4 5 2 1 5 1 1 1 4 2 2 3 4 3 4 5 3 5 20 "male"
"705" 2 2 1 1 1 5 3 2 1 1 1 4 3 1 1 3 1 1 4 1 1 1 5 5 1 1 4 3 2 5 5 1 20 "male"
"706" 4 3 5 1 1 4 5 1 1 1 1 3 5 1 2 5 1 2 4 1 1 1 1 1 1 1 5 5 1 5 5 1 18 "male"
"707" 4 4 2 1 1 3 3 3 3 1 5 3 3 3 3 2 5 3 5 3 5 5 4 3 2 4 2 4 5 5 4 5 20 "male"
"708" 4 5 4 2 3 3 3 2 4 2 5 4 4 4 3 2 4 3 4 2 3 4 3 4 3 1 2 5 4 5 3 5 20 "male"
"709" 5 1 1 1 1 5 3 5 1 1 1 5 2 1 5 5 1 1 5 3 1 3 5 5 5 1 5 3 1 5 2 4 17 "female"
"710" 3 1 1 1 1 5 3 1 1 1 1 3 2 1 1 5 1 2 5 3 1 1 5 5 1 1 4 4 1 5 2 5 19 "male"
"711" 3 4 3 3 2 5 3 4 3 2 5 2 5 3 1 5 5 4 5 5 3 3 3 3 2 3 5 3 5 5 4 5 20 "female"
"712" 5 4 5 3 3 5 4 4 3 2 2 4 5 2 4 4 3 4 5 3 5 1 4 3 5 5 5 5 5 5 5 5 21 "male"
"713" 1 1 4 1 1 5 5 1 4 1 1 5 1 4 1 1 3 1 3 3 4 4 5 5 4 1 1 1 3 3 4 2 23 "male"
"714" 4 2 4 1 1 4 5 5 3 1 1 5 5 1 1 3 1 3 5 1 1 1 5 5 5 2 2 4 1 5 5 4 24 "male"
"715" 3 3 3 3 3 5 3 2 5 5 2 4 4 5 3 5 2 2 4 3 1 1 4 1 2 2 3 3 3 5 2 5 17 "female"
"716" 2 5 1 3 1 5 2 3 1 1 3 4 5 1 1 2 1 1 4 3 1 1 2 3 1 4 4 1 4 5 1 1 18 "female"
"717" 5 4 1 1 1 5 5 1 4 3 2 1 5 3 1 3 3 4 5 1 5 3 1 1 1 3 3 5 4 5 1 5 17 "male"
"718" 4 2 2 1 1 3 2 5 1 1 5 2 4 1 1 1 2 1 1 1 1 3 3 1 2 4 3 1 2 5 2 4 19 "female"
"719" 4 4 3 1 1 4 3 5 1 1 1 3 3 1 2 2 2 1 2 1 4 5 3 3 1 3 4 3 2 5 5 1 21 "male"
"720" 5 1 1 1 1 3 3 1 1 1 5 3 5 1 1 1 2 1 2 1 3 1 2 1 1 1 1 1 5 5 1 5 29 "female"
"721" 2 2 1 2 1 4 4 1 2 1 3 2 3 1 1 1 4 1 5 1 5 1 3 1 3 1 3 3 3 4 1 5 21 "female"
"722" 4 3 1 1 1 3 2 1 4 1 4 4 5 3 1 1 5 3 4 2 5 2 5 2 2 3 4 2 5 5 3 1 20 "female"
"723" 2 3 2 1 1 4 2 3 2 1 5 3 4 3 2 1 5 1 4 2 3 1 3 1 1 4 5 1 4 5 1 2 20 "female"
"724" 2 1 4 3 2 5 3 3 2 2 3 2 4 2 2 3 2 4 3 1 1 2 3 4 1 3 1 2 3 4 2 2 19 "male"
"725" 3 4 5 2 1 5 4 5 3 1 5 4 5 3 5 1 4 5 3 5 2 1 2 4 1 2 2 4 5 4 1 2 20 "female"
"726" 4 3 3 3 2 5 3 4 3 3 3 3 5 3 5 5 5 4 4 3 2 2 4 1 2 4 4 4 4 5 4 3 17 "female"
"727" 3 3 3 1 2 2 2 1 4 3 5 5 5 4 1 1 5 4 4 1 2 3 2 1 5 1 5 1 5 5 1 2 20 "female"
"728" 3 5 5 2 4 5 3 5 2 2 5 2 4 2 4 1 4 1 4 1 2 1 4 3 1 1 3 3 5 5 1 1 19 "male"
"729" 2 2 3 1 2 3 3 4 4 2 3 3 5 4 3 4 3 2 3 1 1 1 3 5 2 2 3 4 3 4 2 3 21 "male"
"730" 4 1 1 4 4 5 5 2 1 1 2 4 3 1 1 3 1 1 5 2 1 1 5 5 1 1 1 3 2 5 1 1 19 "male"
"731" 2 3 4 1 1 4 4 3 3 3 4 4 4 2 2 5 1 1 4 1 5 2 5 5 1 4 4 5 3 4 4 4 19 "male"
"732" 2 1 1 1 1 5 2 4 3 1 2 3 3 1 4 2 3 1 4 5 2 1 5 4 1 2 3 2 3 5 3 5 21 "female"
"733" 2 3 3 1 1 5 2 4 2 1 2 2 4 3 5 3 2 1 3 3 1 1 1 4 1 3 5 2 4 5 2 5 23 "female"
"734" 1 4 3 3 2 5 3 2 2 2 3 3 2 2 2 3 1 1 3 3 3 3 4 3 2 5 4 3 3 4 3 3 24 "female"
"735" 3 1 1 1 1 4 4 2 2 2 3 2 5 2 2 3 1 1 1 5 5 5 5 5 1 1 1 1 1 5 4 1 19 "male"
"736" 5 2 3 2 2 3 5 1 1 1 5 2 3 1 1 2 1 1 3 2 2 1 5 3 2 1 4 5 4 5 2 4 24 "female"
"737" 5 3 5 1 1 5 3 5 1 1 5 5 5 4 5 5 3 5 5 4 1 2 5 5 3 4 5 5 4 5 5 5 20 "female"
"738" 5 4 5 5 5 5 5 5 2 1 5 1 5 3 3 4 5 5 5 4 4 5 5 5 5 3 3 4 5 4 4 4 30 "male"
"739" 5 3 3 2 1 3 3 2 1 3 5 4 5 1 3 3 3 1 4 2 1 3 2 3 1 4 4 1 3 5 2 4 20 "female"
"740" 2 1 1 2 2 5 4 3 1 1 3 2 5 2 1 3 2 2 3 5 2 1 2 2 2 1 5 2 2 5 2 5 23 "female"
"741" 1 5 2 1 2 5 3 5 2 2 1 2 3 1 2 1 2 1 2 2 2 1 5 1 2 1 4 3 1 5 4 2 19 "male"
"742" 1 2 3 5 4 5 4 2 2 1 4 3 2 3 1 1 4 3 4 3 4 4 4 5 3 2 3 1 4 5 2 4 22 "female"
"743" 2 3 1 1 1 4 2 1 5 4 5 4 5 4 3 2 1 4 3 1 1 1 4 1 1 4 5 3 3 4 1 5 17 "female"
"744" 4 4 1 3 1 4 4 5 3 2 1 5 4 2 4 5 2 2 3 2 1 1 5 5 2 5 4 3 1 5 4 5 19 "male"
"745" 3 3 2 3 3 4 3 3 3 3 4 4 3 3 3 3 3 3 5 3 3 4 5 3 4 3 4 3 5 5 3 5 30 "female"
"746" 2 1 2 3 3 4 4 3 2 1 3 2 3 1 1 4 3 1 3 2 1 1 5 4 1 3 4 4 2 5 3 3 27 "male"
"747" 4 4 3 4 4 5 5 4 4 2 2 3 3 2 3 5 3 3 5 2 1 1 4 4 3 1 3 5 4 5 4 3 19 "male"
"748" 4 2 3 4 1 5 2 4 2 4 3 4 5 2 3 1 3 1 3 1 2 1 5 4 2 5 5 3 4 5 2 5 17 "female"
"749" 2 3 1 1 1 5 4 4 1 1 4 2 4 1 1 2 1 1 4 3 3 2 2 1 1 4 4 5 3 5 2 5 20 "male"
"750" 3 1 4 2 1 5 3 5 2 1 2 5 4 1 2 5 2 1 4 2 1 1 5 2 1 2 3 4 2 5 3 5 20 "male"
"751" 3 5 4 1 3 5 4 5 3 1 3 3 4 2 4 5 3 3 3 1 1 1 3 1 1 1 2 5 4 5 4 4 20 "male"
"752" 4 2 4 2 1 4 3 2 2 2 4 2 5 3 3 3 4 1 4 3 1 2 4 1 1 4 4 4 4 5 5 5 18 "female"
"753" 3 4 1 1 1 4 4 3 1 1 4 1 4 1 1 3 1 2 4 3 3 2 1 1 1 4 4 4 3 5 1 5 21 "male"
"754" 4 4 2 3 1 4 4 2 1 1 4 3 4 3 3 3 2 1 2 2 1 1 5 5 1 2 2 4 2 5 2 3 20 "male"
"755" 2 2 3 3 2 4 4 3 2 1 2 3 3 3 2 3 3 2 3 3 1 4 2 3 2 3 4 3 2 4 2 3 17 "female"
"756" 5 4 3 2 3 5 5 2 4 4 5 4 4 5 3 2 3 4 2 1 1 1 3 5 1 2 1 4 3 2 2 3 23 "male"
"757" 4 5 4 3 3 5 4 3 4 2 3 4 3 4 2 4 1 1 4 1 1 1 4 1 2 2 3 5 1 3 1 5 25 "female"
"758" 2 1 3 2 2 4 3 2 1 2 4 5 4 2 1 3 2 1 3 3 2 4 4 5 2 3 3 2 1 4 3 4 18 "male"
"759" 5 5 1 1 1 4 1 1 4 2 4 4 5 4 1 1 2 1 5 3 3 1 2 4 1 2 5 5 5 5 4 5 18 "female"
"760" 2 2 3 3 2 3 2 1 2 2 4 3 4 2 5 2 3 2 3 2 1 1 2 2 3 2 4 2 3 4 2 2 25 "female"
"761" 5 4 4 5 5 5 5 4 3 5 3 5 4 4 5 5 5 3 4 1 1 1 3 1 2 1 5 5 5 5 5 5 21 "male"
"762" 2 3 1 1 4 4 4 1 5 5 2 1 2 5 1 5 3 3 2 1 5 1 4 4 1 2 3 5 3 5 2 2 20 "male"
"763" 3 4 2 2 1 4 4 2 2 1 2 3 4 2 1 4 3 1 5 2 1 1 5 5 1 1 3 3 3 5 3 2 21 "male"
"764" 3 3 2 1 1 4 2 4 3 2 1 2 3 2 3 2 1 1 2 1 1 1 5 5 1 2 5 2 3 5 5 4 18 "female"
"765" 1 4 1 1 1 5 5 1 2 1 1 2 1 5 1 5 3 1 5 2 1 1 1 5 3 3 3 4 1 5 5 5 20 "female"
"766" 2 2 4 5 4 5 5 1 5 5 1 2 3 5 1 5 3 1 2 3 5 1 5 5 1 3 3 4 2 5 5 4 19 "male"
"767" 4 5 5 3 1 4 4 4 2 1 5 5 5 3 3 4 3 5 5 5 5 3 5 5 1 1 1 3 5 5 2 2 22 "male"
"768" 2 4 4 4 2 4 4 2 4 4 3 4 4 5 5 4 5 4 4 2 4 3 4 5 1 4 2 4 2 5 5 4 26 "male"
"769" 2 2 3 4 5 2 4 5 2 2 4 3 3 2 4 5 2 2 1 2 2 1 5 5 1 2 3 4 1 5 4 5 23 "male"
"770" 3 3 2 1 1 4 2 4 2 2 1 2 3 2 4 3 1 2 4 1 1 1 5 5 1 2 5 2 3 5 4 4 18 "female"
"771" 5 4 2 1 1 4 1 1 4 1 5 4 5 4 1 2 4 1 5 2 5 1 3 3 1 1 5 5 5 5 4 5 18 "female"
"772" 4 4 3 1 1 5 3 2 2 1 5 2 5 2 4 1 2 1 3 2 1 1 3 1 2 3 2 2 4 5 3 1 19 "female"
"773" 3 2 1 4 2 5 3 5 1 1 5 3 5 1 1 5 5 1 3 3 1 1 5 3 1 5 5 1 5 5 1 5 19 "female"
"774" 3 2 2 2 1 3 1 4 4 3 4 2 4 5 5 4 2 3 5 1 1 1 3 1 5 4 4 4 4 5 2 5 23 "female"
"775" 1 1 4 4 4 5 5 2 1 1 1 4 4 1 2 5 1 3 1 1 4 1 1 4 1 1 1 5 3 5 5 1 21 "male"
"776" 2 3 2 3 1 3 3 4 3 2 3 4 3 4 2 3 3 3 2 3 2 3 3 3 2 4 2 3 2 4 2 3 19 "male"
"777" 4 5 3 1 1 5 4 3 5 5 5 3 4 5 3 1 3 2 4 5 1 1 5 4 2 4 4 2 5 5 5 5 20 "female"
"778" 5 3 1 1 1 5 4 3 3 1 5 5 5 4 2 4 4 2 4 4 5 5 1 3 5 5 2 4 5 5 5 1 22 "female"
"779" 1 1 1 4 4 5 5 2 2 1 1 5 3 1 4 5 1 1 3 1 2 1 5 5 1 5 4 5 1 5 5 3 20 "male"
"780" 4 3 3 2 1 4 3 3 3 2 2 3 3 2 2 4 3 2 3 3 1 1 2 4 2 3 3 3 2 5 4 4 21 "male"
"781" 3 2 3 4 4 4 4 3 1 2 1 3 4 1 1 5 2 1 2 3 2 1 4 3 1 1 2 4 3 4 4 2 19 "male"
"782" 2 2 3 3 2 3 2 4 2 3 2 2 4 3 2 3 2 3 2 2 2 2 3 4 2 3 2 3 3 4 2 2 17 "female"
"783" 2 3 1 1 1 5 4 2 2 2 2 5 3 1 1 1 4 1 5 5 1 2 4 5 2 3 5 4 3 5 5 4 19 "female"
"784" 2 2 2 1 2 2 2 1 2 2 1 4 3 2 1 2 2 1 3 1 1 1 5 5 2 2 2 2 2 4 4 4 16 "male"
"785" 4 2 4 1 1 5 4 2 1 1 5 4 4 1 2 2 4 1 4 1 2 4 3 2 1 1 2 4 4 5 4 3 22 "male"
"786" 2 3 2 4 2 3 2 2 1 1 2 2 3 2 4 3 2 3 2 3 4 3 2 3 2 3 2 4 3 4 3 3 23 "male"
"787" 4 4 4 1 1 4 4 3 4 1 4 3 3 2 1 1 5 3 4 3 1 1 3 3 4 1 3 3 2 4 1 3 28 "female"
"788" 4 4 4 3 3 5 5 5 1 1 1 4 3 1 4 4 1 3 2 1 1 3 3 3 3 1 2 5 3 5 5 5 20 "male"
"789" 2 3 5 2 1 4 2 3 1 1 4 2 4 2 5 2 2 4 2 1 1 1 4 5 2 4 3 3 3 3 2 3 21 "male"
"790" 4 2 5 1 1 4 2 1 1 1 2 3 2 1 3 1 2 2 4 1 1 1 3 1 1 1 2 1 5 4 2 5 22 "female"
"791" 5 1 3 5 3 5 5 1 3 5 3 5 4 3 1 3 2 1 3 2 5 3 5 2 3 4 1 5 1 5 3 3 19 "male"
"792" 3 3 3 2 2 4 4 5 2 2 2 4 5 2 2 3 5 3 4 4 1 1 2 4 2 5 3 3 3 4 5 1 24 "female"
"793" 5 2 4 1 1 5 3 4 1 1 3 4 5 3 5 5 3 2 2 1 1 1 5 5 1 3 5 5 3 5 5 2 23 "male"
"794" 5 2 4 1 1 5 3 5 1 1 1 3 5 1 2 1 2 2 3 3 1 1 4 1 5 1 2 3 2 5 1 1 21 "female"
"795" 2 2 2 2 1 5 3 3 1 1 3 1 3 1 1 1 4 3 1 2 1 2 3 3 1 4 4 2 2 4 1 2 22 "female"
"796" 2 2 3 2 4 4 3 2 2 3 4 3 3 2 2 3 2 4 3 3 4 3 3 4 2 3 4 3 2 5 3 2 18 "male"
"797" 3 4 3 2 2 5 4 3 2 1 2 2 5 4 4 3 3 5 4 2 4 4 4 4 4 4 4 4 3 4 4 3 28 "female"
"798" 5 3 4 4 2 5 3 5 2 1 5 3 5 3 4 4 5 2 2 1 4 1 5 2 5 4 5 3 5 5 1 1 18 "female"
"799" 4 2 2 3 2 3 2 2 3 3 4 2 3 3 2 4 2 3 4 2 3 2 4 4 2 3 3 4 3 2 3 4 22 "female"
"800" 4 4 3 3 1 3 2 2 3 2 5 3 5 2 1 1 5 3 4 4 4 3 1 4 3 1 2 3 5 4 4 2 21 "female"
"801" 5 4 4 3 2 3 1 2 2 3 5 5 5 3 4 2 4 4 4 5 2 5 3 4 5 2 4 3 5 4 4 3 20 "female"
"802" 1 2 2 2 1 5 2 4 2 2 4 3 4 1 2 3 3 3 2 1 1 1 3 1 1 5 4 2 3 5 1 5 18 "female"
"803" 4 2 5 1 1 5 5 1 1 1 4 3 2 1 4 4 2 1 2 1 1 1 3 2 1 2 1 3 2 3 1 4 21 "male"
"804" 3 2 3 3 2 5 4 4 2 2 1 3 4 1 1 4 3 1 2 1 1 1 3 4 1 3 3 3 2 4 2 3 20 "male"
"805" 5 4 3 2 2 4 2 2 3 3 4 3 3 1 2 1 5 3 4 2 1 1 3 3 1 1 3 3 4 5 3 4 21 "female"
"806" 5 5 3 2 1 2 1 2 1 5 5 2 4 2 5 1 5 2 2 5 5 4 5 5 3 2 5 1 5 5 3 1 21 "female"
"807" 2 2 2 3 3 5 4 1 2 1 2 3 2 3 2 4 3 2 3 2 4 3 4 5 1 2 3 2 1 5 3 4 17 "male"
"808" 2 5 5 3 4 5 5 5 5 2 2 5 5 3 4 5 2 1 4 1 1 1 5 1 1 3 5 5 2 5 5 5 20 "female"
"809" 3 2 2 1 2 5 4 1 4 2 5 2 5 3 1 1 5 1 3 3 3 2 1 2 3 4 4 3 3 5 1 3 23 "female"
"810" 3 4 2 1 1 3 1 2 4 2 1 3 5 2 1 2 5 1 4 2 1 1 2 5 1 3 4 3 3 5 2 5 19 "female"
"811" 2 1 3 3 1 5 5 3 1 1 2 2 3 1 1 5 2 3 4 1 1 1 4 4 1 1 2 5 3 4 2 1 22 "male"
"812" 1 5 1 1 1 4 2 1 5 2 1 5 4 3 2 5 3 3 3 4 1 1 3 5 2 3 4 2 4 4 1 5 19 "female"
"813" 3 2 2 1 1 4 2 1 5 5 4 2 4 3 2 1 3 2 4 2 3 1 3 1 2 4 4 2 3 5 1 5 19 "female"
"814" 3 2 2 1 2 5 4 3 2 1 1 3 3 3 2 4 3 3 4 2 4 1 3 1 1 3 5 3 2 5 2 1 18 "female"
"815" 1 2 3 2 1 4 5 2 2 2 2 3 4 2 2 3 3 1 2 1 1 1 4 5 1 3 2 3 2 4 2 3 18 "male"
"816" 1 1 2 3 1 5 5 2 4 5 2 1 3 3 2 3 3 1 5 3 1 1 5 3 4 4 4 3 2 5 3 2 20 "female"
"817" 4 1 4 2 1 4 1 4 2 2 4 4 4 3 3 1 2 2 2 2 4 2 4 2 3 3 5 5 5 5 3 5 17 "female"
"818" 2 2 1 2 1 3 2 2 1 3 1 2 4 2 1 2 2 2 3 3 3 2 3 3 2 3 4 3 3 4 2 2 21 "female"
"819" 3 5 1 5 4 5 3 2 4 2 5 5 4 3 2 3 3 3 2 2 5 1 5 2 1 1 3 3 4 5 4 5 18 "female"
"820" 4 4 3 5 3 4 3 2 4 3 5 5 5 2 1 1 5 4 5 1 1 1 3 1 1 4 5 4 4 3 1 5 19 "female"
"821" 4 3 2 3 3 5 5 1 2 1 2 1 3 1 1 1 2 4 5 1 5 1 5 1 1 1 3 2 2 5 3 4 16 "male"
"822" 4 3 4 1 1 5 2 1 1 2 3 5 5 1 2 1 1 2 3 1 1 3 4 5 2 5 4 1 3 4 5 5 24 "male"
"823" 3 2 3 4 3 4 2 2 3 1 4 3 3 2 5 5 2 2 4 2 1 1 4 2 1 3 5 2 4 5 4 5 22 "female"
"824" 4 2 3 2 3 3 1 2 3 1 3 5 2 3 2 4 3 1 5 2 2 2 4 5 2 3 5 4 5 5 3 5 19 "female"
"825" 4 2 3 5 5 5 5 4 1 1 1 1 4 1 3 3 1 2 5 1 1 1 5 3 3 1 1 5 2 5 5 5 22 "male"
"826" 2 1 1 1 1 3 2 2 2 2 2 2 3 2 2 1 3 1 2 3 4 2 3 3 2 3 4 2 3 5 1 3 16 "female"
"827" 4 2 2 5 4 3 3 1 5 5 4 3 4 5 1 2 3 1 4 5 1 1 1 4 2 3 4 4 5 5 5 5 18 "female"
"828" 1 3 1 2 1 3 2 1 1 2 1 1 3 1 1 4 2 1 5 1 2 3 3 3 1 1 1 1 1 5 4 5 18 "female"
"829" 4 1 3 1 1 5 5 4 2 3 2 2 3 1 3 3 1 2 4 1 5 1 3 3 1 1 3 5 1 3 4 5 15 "male"
"830" 1 1 2 3 4 5 5 2 1 1 1 3 2 1 2 5 1 1 5 1 1 1 5 5 1 1 1 5 1 5 5 1 26 "male"
"831" 3 2 3 5 4 4 5 3 3 2 2 1 5 1 1 3 1 1 5 2 5 4 3 2 1 1 3 4 2 5 1 2 19 "male"
"832" 4 4 3 3 2 3 1 2 5 5 4 3 5 5 3 3 1 1 1 5 3 2 1 4 3 4 4 4 3 4 4 4 20 "female"
"833" 5 5 1 5 4 3 2 5 5 5 2 3 1 2 4 1 2 1 5 4 1 3 1 5 1 1 4 5 3 5 3 5 19 "female"
"834" 3 2 2 2 3 4 3 1 1 1 3 2 2 1 1 1 1 1 3 1 1 1 1 1 1 2 1 3 3 5 1 4 20 "male"
"835" 3 3 3 1 1 4 4 1 1 1 1 1 1 1 1 5 1 1 3 1 1 1 2 1 1 1 2 4 2 4 1 1 20 "male"
"836" 4 4 2 3 1 5 2 4 2 2 1 2 4 3 1 1 1 1 4 1 1 1 3 3 1 1 2 2 3 4 2 4 24 "female"
"837" 5 5 5 5 3 5 5 3 5 4 3 5 3 5 4 4 2 5 5 2 1 1 5 5 5 4 4 5 1 5 3 5 20 "male"
"838" 5 3 1 3 4 3 1 4 3 2 5 4 5 3 1 3 3 2 1 1 2 4 2 1 2 2 3 1 4 4 1 1 21 "female"
"839" 5 5 5 1 4 5 5 3 3 2 1 3 2 2 3 5 2 5 1 1 1 1 3 3 1 4 2 5 1 5 4 3 23 "male"
"840" 5 5 1 1 3 5 2 1 3 1 5 5 5 1 2 2 3 1 2 4 2 5 3 5 2 5 5 3 3 5 3 1 17 "female"
"841" 5 5 5 1 1 1 1 3 4 1 5 4 5 5 5 1 5 1 1 5 5 5 1 5 2 5 5 1 5 5 5 5 19 "female"
"842" 5 2 3 5 5 4 3 2 4 3 5 4 3 3 2 4 5 2 5 2 4 1 5 4 2 1 2 5 4 5 2 4 18 "male"
"843" 2 1 1 5 4 5 5 3 2 1 1 2 2 2 1 3 1 1 4 2 1 1 5 4 2 3 2 5 2 5 3 4 19 "male"
"844" 3 3 1 3 1 5 5 4 1 1 4 1 4 1 2 2 1 1 4 5 1 1 3 2 1 1 2 1 2 5 3 1 19 "male"
"845" 2 3 2 4 4 5 5 5 1 1 4 1 5 1 1 5 4 1 1 1 5 1 2 1 1 2 5 5 4 5 1 3 22 "male"
"846" 3 2 3 3 3 4 4 2 2 2 4 4 5 2 2 4 3 2 3 1 1 1 4 4 1 1 3 4 2 4 4 3 18 "male"
"847" 3 4 2 3 3 4 2 1 5 5 5 3 5 5 3 3 4 1 3 2 2 4 5 3 2 1 5 5 5 5 2 5 19 "female"
"848" 2 4 1 1 2 5 5 1 1 2 4 2 1 1 1 1 4 1 5 1 3 4 1 1 3 2 5 5 3 4 2 4 20 "female"
"849" 3 4 3 5 3 5 2 2 3 4 5 2 5 3 3 2 3 1 4 1 1 1 5 5 1 2 2 4 3 5 1 3 21 "female"
"850" 2 5 2 4 3 4 4 4 2 3 4 3 5 3 2 4 2 2 4 5 4 2 3 4 1 3 4 3 4 5 3 2 19 "female"
"851" 2 1 3 3 1 4 2 2 1 1 2 5 4 1 1 3 2 2 3 1 1 1 4 3 1 2 4 1 2 5 3 3 19 "male"
"852" 5 3 3 2 2 5 3 5 3 2 5 4 4 2 3 1 3 1 4 1 1 1 5 1 1 3 2 2 5 5 2 4 21 "female"
"853" 5 3 5 3 2 5 3 5 3 2 3 5 5 3 5 4 3 2 2 2 1 2 1 3 1 3 3 3 3 5 2 4 19 "male"
"854" 5 5 2 1 2 5 1 1 2 1 5 4 2 1 1 1 4 2 4 3 3 4 3 1 1 2 3 3 5 3 2 1 19 "female"
"855" 1 2 3 3 4 4 4 2 1 1 1 1 4 2 1 4 3 1 3 1 2 1 4 1 1 3 5 5 4 5 4 4 18 "male"
"856" 2 2 3 1 1 4 1 4 2 1 3 3 2 1 2 1 3 1 4 5 2 1 5 4 1 3 4 1 3 5 3 4 22 "female"
"857" 1 1 4 1 1 4 2 4 1 1 4 3 2 1 1 2 3 2 2 3 1 1 3 1 1 1 2 3 5 4 3 4 21 "female"
"858" 4 3 2 1 2 3 2 3 1 1 5 2 4 1 1 1 4 1 4 2 4 1 3 3 1 3 2 3 5 4 2 2 20 "female"
"859" 5 5 3 5 3 4 4 3 2 1 5 3 5 2 1 1 4 5 5 1 5 1 1 4 2 1 2 3 4 4 2 1 19 "female"
"860" 5 5 5 1 1 5 5 3 3 3 5 5 5 4 3 3 4 3 5 5 5 5 2 5 2 1 3 3 5 5 3 1 30 "female"
"861" 3 2 5 1 1 5 5 3 1 1 3 4 3 2 2 4 1 1 3 1 3 1 4 2 1 1 1 4 1 5 4 1 29 "male"
"862" 4 1 2 1 1 5 5 2 1 1 2 2 4 1 1 2 1 1 3 1 1 1 2 1 1 2 1 3 1 3 1 5 21 "male"
"863" 5 2 3 5 5 4 3 1 4 4 2 4 2 1 1 2 1 1 1 1 1 5 4 1 1 1 1 5 2 5 1 1 30 "male"
"864" 5 5 2 1 1 5 1 1 4 1 5 2 3 3 3 2 4 4 4 1 1 2 3 2 1 2 3 3 3 4 3 5 20 "female"
"865" 3 4 3 4 2 5 4 4 1 2 1 5 5 1 4 4 2 2 2 2 1 1 3 3 1 1 3 3 2 5 2 5 18 "female"
"866" 4 1 1 1 1 4 4 2 2 1 1 4 3 2 1 1 2 1 3 1 4 1 2 2 1 1 1 2 2 5 1 2 20 "male"
"867" 1 5 1 2 1 4 1 3 2 1 1 4 5 3 3 3 5 3 5 4 3 2 5 5 2 3 1 2 2 5 5 5 19 "female"
"868" 3 4 2 5 5 5 5 2 3 2 4 2 5 3 2 1 1 3 5 1 3 4 1 5 2 3 2 5 4 5 3 1 28 "male"
"869" 4 5 3 5 3 5 5 3 4 3 3 4 5 3 2 3 3 4 5 5 5 5 5 5 2 1 1 5 4 5 5 1 19 "male"
"870" 3 3 2 1 1 3 1 2 5 5 2 3 2 3 2 1 1 1 4 5 2 1 5 5 2 3 5 3 4 5 4 5 16 "female"
"871" 3 2 3 1 1 5 3 4 2 1 3 2 1 1 3 2 2 1 2 3 1 1 2 4 1 3 5 2 4 5 2 4 18 "female"
"872" 2 2 1 1 3 5 5 2 1 1 1 2 3 1 1 2 1 1 1 1 5 4 2 1 1 1 1 3 1 5 3 2 22 "male"
"873" 3 4 3 1 1 3 1 4 3 2 4 2 4 2 2 1 1 3 4 3 2 1 4 3 2 1 3 2 3 4 2 5 20 "female"
"874" 3 4 1 2 2 5 5 3 3 2 2 3 4 3 2 2 3 1 3 3 4 1 5 2 2 1 2 2 2 5 4 4 22 "male"
"875" 4 4 2 1 2 4 3 1 2 1 5 4 5 2 1 1 5 1 2 2 3 4 4 4 2 4 5 3 5 5 4 4 20 "female"
"876" 2 3 3 3 1 3 4 1 1 1 4 1 5 1 1 1 1 1 1 1 2 1 2 2 1 1 2 3 2 3 1 5 18 "female"
"877" 3 5 3 1 1 5 4 3 3 3 2 5 5 3 1 1 5 1 5 4 1 4 2 4 1 3 5 5 5 5 1 4 25 "female"
"878" 2 3 1 2 2 4 2 1 5 3 1 5 4 5 1 3 1 1 4 2 1 2 5 4 5 3 3 3 1 5 2 5 21 "male"
